/*--------------------------------*- C++ -*----------------------------------*\
| =========                 |                                                 |
| \\      /  F ield         | OpenFOAM: The Open Source CFD Toolbox           |
|  \\    /   O peration     | Version:  2.3.0                                 |
|   \\  /    A nd           | Web:      www.OpenFOAM.org                      |
|    \\/     M anipulation  |                                                 |
\*---------------------------------------------------------------------------*/
FoamFile
{
    version     2.0;
    format      ascii;
    class       surfaceScalarField;
    location    "0";
    object      phi;
}
// * * * * * * * * * * * * * * * * * * * * * * * * * * * * * * * * * * * * * //

dimensions      [0 3 -1 0 0 0 0];

internalField   nonuniform List<scalar> 
9399
(
1.87571
1.50424
-1.04819
1.41967
1.19739
-0.854143
1.16099
1.81896
1.13826
0.982
-0.786096
1.00151
1.31976
0.970301
1.32896
0.826292
-0.741402
0.8971
1.06443
-0.53076
0.833727
1.13809
0.710015
1.22592
0.707363
-0.701654
0.820614
0.897225
-0.574195
0.718767
1.01208
1.02057
0.662955
1.18515
0.667356
0.612335
-0.664646
0.759659
0.771468
-0.575885
0.622417
0.916964
0.912601
-0.466207
0.590339
1.08471
0.53614
1.31638
0.534254
-0.630235
0.708346
0.670033
-0.563216
0.54189
0.840203
0.805326
-0.468622
0.519636
0.987668
0.92857
0.465884
1.15496
0.32515
1.18373
0.46893
-0.598799
0.664103
0.58578
-0.545969
0.474242
0.775992
0.707882
-0.465747
0.456897
0.902958
0.826367
-0.366396
0.411417
1.04215
0.321127
1.15899
0.31179
0.413781
-0.570041
0.625217
0.514742
-0.527769
0.417055
0.721304
0.622437
-0.46054
0.402438
0.83045
0.729843
-0.36924
0.364379
0.949994
0.858314
0.293263
1.07003
0.211252
1.25955
0.36671
-0.543732
0.590777
0.454657
-0.509945
0.368381
0.673884
0.549025
-0.454332
0.355546
0.76821
0.643506
-0.374172
0.32336
0.871489
0.753509
-0.264408
0.263979
0.979277
0.17698
1.1043
-0.00242178
1.09791
0.326644
-0.519586
0.559677
0.403609
-0.492693
0.326868
0.632304
0.486295
-0.447234
0.31518
0.714248
0.569033
-0.379879
0.287705
0.803861
0.660917
-0.2816
0.237313
0.89817
0.73995
0.159011
0.997266
0.0323653
1.06951
-0.0214036
0.291928
-0.497081
0.531769
0.359874
-0.475843
0.290911
0.595625
0.432999
-0.439374
0.280248
0.667247
0.506141
-0.384312
0.25651
0.74546
0.584871
-0.303799
0.213476
0.827698
0.636018
-0.177637
0.14582
0.911354
0.0432624
0.98638
-0.0781706
1.1263
0.261887
-0.476102
0.506167
0.322326
-0.459544
0.260007
0.562685
0.387504
-0.43037
0.250038
0.62583
0.452893
-0.386149
0.229219
0.69453
0.523011
-0.322476
0.19216
0.76679
0.564446
-0.232255
0.134286
0.83925
0.545156
0.0487138
0.905901
-0.0667017
0.974898
-0.306475
0.862298
0.235611
-0.456363
0.482608
0.289799
-0.443568
0.232958
0.533204
0.348411
-0.42043
0.223482
0.58925
0.407665
-0.385115
0.205152
0.649914
0.471931
-0.335038
0.173113
0.713574
0.51206
-0.270056
0.123566
0.7775
0.505108
-0.192183
0.0513616
0.836612
-0.0468899
0.886106
-0.195673
0.8641
-0.275239
0.827104
0.21249
-0.437724
0.460867
0.26139
-0.427967
0.209251
0.506325
0.314483
-0.409664
0.200285
0.556396
0.36875
-0.381541
0.183906
0.610487
0.428684
-0.341895
0.155922
0.667116
0.469895
-0.292901
0.113241
0.723917
0.480139
-0.245104
0.0518841
0.776975
0.425132
-0.372404
-0.0305952
0.820302
-0.139381
0.829811
-0.227815
0.816678
-0.261086
0.822508
0.191939
-0.420079
0.440598
0.236367
-0.412696
0.188307
0.481798
0.284831
-0.398296
0.179809
0.526808
0.334914
-0.375804
0.164995
0.575322
0.391302
-0.344131
0.140342
0.626066
0.43372
-0.305691
0.103333
0.677012
0.455971
-0.268712
0.0505432
0.725263
0.460974
-0.280954
-0.0192631
0.765658
0.60756
-0.106445
0.787369
-0.189019
0.791013
-0.241203
0.796795
-0.265849
0.818726
0.173592
-0.403338
0.421704
0.214155
-0.397881
0.169697
0.459216
0.258613
-0.386504
0.161607
0.499995
0.30507
-0.36848
0.148095
0.543697
0.358345
-0.342875
0.126311
0.58936
0.401442
-0.311881
0.0938526
0.635562
0.431299
-0.281036
0.0479843
0.679567
0.458577
-0.266304
-0.0119261
0.717909
0.482605
-0.155972
-0.0852981
0.744506
-0.15975
0.758101
-0.21816
0.767968
-0.254128
0.785075
-0.284271
0.811659
0.15702
-0.387417
0.403958
0.194267
-0.383445
0.153046
0.43834
0.23525
-0.3745
0.145335
0.475492
0.278523
-0.359934
0.133009
0.515095
0.328911
-0.33902
0.113452
0.556554
0.372072
-0.313478
0.0846779
0.598522
0.406582
-0.287146
0.0446098
0.638939
0.444875
-0.267342
-0.00745353
0.675108
0.448306
-0.232026
-0.0708704
0.703482
0.32769
-0.389219
-0.137656
0.722409
-0.196336
0.736278
-0.238573
0.752411
-0.273479
0.774284
-0.317561
0.800922
0.142019
-0.372355
0.387373
0.176319
-0.369483
0.13799
0.419021
0.214225
-0.362448
0.13066
0.453009
0.254624
-0.350631
0.119348
0.489142
0.302276
-0.333329
0.101662
0.52689
0.344941
-0.311918
0.0761513
0.565095
0.38215
-0.289062
0.040714
0.602412
0.426836
-0.269098
-0.00516529
0.636632
0.433505
-0.252519
-0.0610043
0.665234
0.402966
-0.307298
-0.121064
0.68689
0.553226
-0.33652
-0.17749
0.703559
-0.222127
0.719833
-0.260323
0.739253
-0.305196
0.761921
-0.360114
0.786678
0.12826
-0.357989
0.371716
0.159977
-0.356011
0.124337
0.401011
0.195156
-0.350397
0.117433
0.43225
0.232941
-0.340744
0.107004
0.465364
0.277928
-0.326259
0.0909277
0.499875
0.319698
-0.308062
0.0680429
0.534986
0.358269
-0.288022
0.036407
0.569402
0.406545
-0.26878
-0.00433359
0.601591
0.419887
-0.2555
-0.0539487
0.629575
0.422231
-0.271786
-0.108173
0.652338
0.53373
-0.287798
-0.161311
0.670711
0.575611
-0.255474
-0.20634
0.68777
-0.246251
0.705763
-0.291531
0.725586
-0.345199
0.747009
-0.408137
0.769107
0.115677
-0.344394
0.356992
0.145037
-0.343064
0.111878
0.384181
0.177734
-0.338618
0.105389
0.413048
0.21312
-0.330607
0.0957384
0.443504
0.255535
-0.318382
0.0810836
0.475213
0.296075
-0.302665
0.060443
0.507487
0.335012
-0.284822
0.031994
0.539393
0.385008
-0.266478
-0.00444345
0.569491
0.403895
-0.252769
-0.0488923
0.596525
0.419419
-0.252686
-0.0981156
0.619516
0.516533
-0.254594
-0.147819
0.63884
0.522231
-0.234417
-0.191731
0.656104
0.598545
-0.171625
-0.231886
0.673401
-0.277113
0.691348
-0.329709
0.710092
-0.390281
0.729156
-0.463162
0.748141
0.103977
-0.331501
0.34317
0.131243
-0.330599
0.100417
0.368437
0.161704
-0.327019
0.0943542
0.395216
0.194856
-0.320335
0.0854464
0.423351
0.23481
-0.30986
0.0720334
0.452552
0.273871
-0.296154
0.0533083
0.482333
0.312513
-0.280152
0.0276306
0.511849
0.36285
-0.262674
-0.00512243
0.540081
0.385564
-0.248167
-0.0453244
0.56592
0.407017
-0.240369
-0.0901974
0.5886
0.497102
-0.233251
-0.136394
0.608091
0.484784
-0.217148
-0.178563
0.625667
0.5388
-0.17467
-0.218172
0.642391
0.585029
-0.0937322
-0.262708
0.658992
-0.313851
0.675494
-0.372144
0.691951
-0.441861
0.70786
-0.526712
0.723732
0.0931222
-0.319287
0.330154
0.118482
-0.318756
0.089838
0.353754
0.146894
-0.315817
0.0841838
0.378601
0.177932
-0.310126
0.0759977
0.404653
0.21549
-0.301045
0.0637197
0.431667
0.252942
-0.28896
0.0466522
0.45922
0.290794
-0.274453
0.023352
0.486607
0.340553
-0.25785
-0.00634918
0.513054
0.3657
-0.242794
-0.0428836
0.537629
0.390052
-0.231201
-0.0838689
0.559589
0.475401
-0.218672
-0.126778
0.578977
0.455213
-0.20368
-0.166904
0.596434
0.49536
-0.17371
-0.205207
0.612697
0.532523
-0.122161
-0.248427
0.628114
0.55031
-0.0424335
-0.298011
0.643147
-0.354112
0.657467
-0.420584
0.670669
-0.501318
0.682472
-0.603845
0.694883
0.0830134
-0.30778
0.317859
0.106579
-0.307385
0.0800225
0.339953
0.133078
-0.304928
0.0748365
0.363099
0.162193
-0.300061
0.0673229
0.387284
0.197463
-0.29208
0.0560285
0.412342
0.233206
-0.281287
0.0404505
0.437855
0.269902
-0.268056
0.0192257
0.463342
0.31838
-0.252291
-0.00778886
0.488053
0.34491
-0.23708
-0.0411389
0.511305
0.370816
-0.223561
-0.0786983
0.532449
0.45219
-0.20799
-0.118481
0.551291
0.429559
-0.193021
-0.156328
0.568396
0.461608
-0.169929
-0.19301
0.58424
0.4943
-0.135493
-0.234687
0.598952
0.522724
-0.094598
-0.282499
0.612606
0.566549
-0.233862
-0.336182
0.62521
-0.399332
0.636221
-0.475587
0.644933
-0.571691
0.650327
-0.708394
0.651536
0.0735219
-0.296881
0.306381
0.0954337
-0.29665
0.0708658
0.327018
0.120178
-0.294512
0.0661528
0.34863
0.147458
-0.290223
0.0592674
0.371141
0.180512
-0.28314
0.0489104
0.394403
0.214525
-0.273428
0.0346967
0.418107
0.249853
-0.261256
0.0152598
0.441816
0.296622
-0.246293
-0.00939524
0.464926
0.323872
-0.231239
-0.039913
0.486815
0.350489
-0.216754
-0.0744048
0.507009
0.428084
-0.19946
-0.111302
0.525262
0.405776
-0.184208
-0.146917
0.541882
0.433205
-0.164621
-0.181851
0.557231
0.463501
-0.139131
-0.221652
0.571209
0.499855
-0.112608
-0.267429
0.583877
0.62409
-0.152102
-0.318648
0.595079
0.787839
-0.0711134
-0.950589
-0.378566
0.604438
-0.450142
0.610783
-0.539071
0.612305
-0.658863
0.600804
-0.866662
0.4605
0.0645727
-0.286659
0.295579
0.084984
-0.286433
0.0623014
0.314928
0.108091
-0.284553
0.0580635
0.335104
0.133659
-0.2807
0.0518308
0.356074
0.1646
-0.274293
0.0423408
0.377709
0.196819
-0.265414
0.0293255
0.39976
0.230602
-0.254167
0.0115434
0.421819
0.275355
-0.240001
-0.0110042
0.443431
0.302819
-0.225259
-0.0390137
0.464023
0.329653
-0.210407
-0.0707668
0.483166
0.403559
-0.192229
-0.104981
0.500688
0.382917
-0.176604
-0.138465
0.516803
0.407673
-0.158678
-0.171474
0.531508
0.436487
-0.137614
-0.20918
0.544753
0.476852
-0.11615
-0.252723
0.556507
0.628512
-0.117069
-0.301503
0.566724
0.718834
-0.0831075
-0.358198
0.574718
0.790404
-0.0988418
-0.762662
0.00803705
-0.42537
0.579659
-0.507229
0.57895
-0.61192
0.565355
-0.754845
0.489021
-0.665264
0.52373
0.602048
0.0562331
-0.277108
0.285452
0.0751198
-0.27681
0.0542993
0.303583
0.096651
-0.27502
0.0505926
0.322393
0.120608
-0.27153
0.0449169
0.342005
0.149529
-0.265658
0.0362596
0.362154
0.179992
-0.257493
0.024366
0.382678
0.212199
-0.247028
0.00804937
0.403251
0.254776
-0.233584
-0.0126191
0.423412
0.282085
-0.219256
-0.0383627
0.442767
0.308751
-0.20436
-0.0676442
0.460898
0.378903
-0.185757
-0.0994354
0.477612
0.360566
-0.169882
-0.130742
0.492968
0.383734
-0.15267
-0.161799
0.50712
0.411432
-0.133624
-0.197438
0.519771
0.453234
-0.113983
-0.23877
0.530793
0.611598
-0.0992064
-0.285032
0.540044
0.67761
-0.0758386
-0.338504
0.547022
0.772901
-0.0656096
-0.401375
0.55073
0.950715
-0.0492812
-1.00025
-0.156442
-0.476847
0.549268
-0.569516
0.536556
-0.680217
0.490702
-0.671855
0.495604
-0.747077
0.507024
0.763797
0.568632
0.0483099
-0.268087
0.275983
0.0657941
-0.267786
0.0468095
0.292926
0.0858927
-0.266045
0.0435888
0.310581
0.108303
-0.262705
0.0385038
0.32881
0.135266
-0.257253
0.0306329
0.347629
0.16403
-0.249679
0.0197899
0.366717
0.19458
-0.239866
0.00484487
0.385876
0.234847
-0.227111
-0.0141122
0.404749
0.261713
-0.21323
-0.0378487
0.422894
0.287995
-0.198506
-0.0648745
0.439986
0.354389
-0.179848
-0.0944099
0.455873
0.33862
-0.163816
-0.123652
0.470514
0.360708
-0.146859
-0.1528
0.483972
0.387511
-0.128758
-0.186283
0.495957
0.429263
-0.109676
-0.225309
0.506316
0.585653
-0.0880745
-0.269064
0.514817
0.643202
-0.0648092
-0.319435
0.520983
0.739961
-0.0428926
-0.378344
0.523984
0.896725
-0.0116261
-0.448055
0.521947
1.08276
0.0748366
-1.20689
-0.108434
-1.04826
-0.531131
0.510875
-0.624166
0.480537
-0.654501
0.473371
-0.723811
0.47233
-0.897702
0.409311
0.995432
0.556422
0.0409197
-0.259799
0.267191
0.0570166
-0.259325
0.0397784
0.283015
0.075665
-0.257584
0.037051
0.299457
0.0966041
-0.254373
0.0325839
0.316488
0.121756
-0.249221
0.0254577
0.333983
0.148835
-0.242083
0.015613
0.351814
0.177741
-0.232855
0.00188922
0.369669
0.215688
-0.220703
-0.0155131
0.387256
0.241957
-0.207347
-0.0373603
0.404248
0.267644
-0.192882
-0.0623166
0.420335
0.330177
-0.1743
-0.0897681
0.435335
0.317009
-0.158241
-0.11702
0.449245
0.338263
-0.141377
-0.144303
0.46201
0.364249
-0.1236
-0.175701
0.473396
0.405195
-0.104681
-0.21243
0.483069
0.555868
-0.0798674
-0.253655
0.490915
0.609612
-0.0544816
-0.301115
0.496488
0.701543
-0.0263994
-0.356262
0.498909
0.841023
0.0128183
-0.420774
0.496696
0.983203
0.087912
-0.496235
0.487062
1.05368
0.197439
-1.17628
0.0596735
-1.375
-0.201541
-0.578411
0.465093
-0.62719
0.453216
-0.695752
0.445339
-0.829755
0.404363
-0.852147
0.411669
0.849859
0.399093
0.0339459
-0.252047
0.258996
0.0486612
-0.251449
0.033272
0.273682
0.0660105
-0.249666
0.0310301
0.289028
0.0855163
-0.246488
0.0271096
0.304933
0.108955
-0.241561
0.0207161
0.321226
0.13439
-0.234763
0.0117897
0.337793
0.161653
-0.225989
-0.000726179
0.354423
0.197222
-0.214402
-0.0166956
0.370857
0.222725
-0.201487
-0.0368463
0.386739
0.247667
-0.187375
-0.059949
0.401869
0.306386
-0.169095
-0.0854087
0.415977
0.295801
-0.153097
-0.110851
0.429158
0.316292
-0.136275
-0.136287
0.441232
0.34156
-0.118698
-0.165635
0.451935
0.381294
-0.0997216
-0.200065
0.461037
0.524454
-0.0733014
-0.238822
0.468226
0.575646
-0.0459141
-0.283431
0.47324
0.661331
-0.0142694
-0.334998
0.475217
0.785755
0.0288591
-0.394932
0.473078
0.898762
0.097267
-0.464145
0.464598
0.949487
0.192089
-0.538806
0.447485
0.964893
0.308156
-1.07561
0.203464
-1.3201
0.0486967
-1.62528
-0.596038
0.433963
-0.664894
0.422345
-0.776811
0.392426
-0.835093
0.387295
-0.995341
0.358244
1.04881
0.443456
0.805503
0.0275017
-0.244949
0.251393
0.0408138
-0.244214
0.0272241
0.265042
0.0568107
-0.242273
0.0254089
0.279296
0.074931
-0.239106
0.0220772
0.294048
0.0967081
-0.234267
0.0164126
0.309233
0.12057
-0.227765
0.00835143
0.324671
0.146212
-0.219336
-0.0030838
0.340147
0.179489
-0.208252
-0.0177103
0.355417
0.204152
-0.195821
-0.0362688
0.370265
0.228292
-0.182116
-0.0576082
0.384397
0.283211
-0.164206
-0.0812539
0.397704
0.275029
-0.148328
-0.104968
0.410098
0.29483
-0.131641
-0.128633
0.421495
0.31938
-0.114098
-0.155957
0.43156
0.357707
-0.0951022
-0.188198
0.440058
0.492694
-0.067944
-0.224501
0.446726
0.541456
-0.0391119
-0.266394
0.451182
0.620863
-0.00545446
-0.314624
0.452875
0.732222
0.0392664
-0.370372
0.45065
0.824625
0.102985
-0.434173
0.443119
0.860102
0.186658
-0.503149
0.428916
0.868973
0.288
-0.563681
0.415113
0.855062
0.403738
-0.950645
0.331012
-1.20317
0.211056
-1.48246
0.0604107
-2.03754
-0.632606
0.401699
-0.732067
0.377579
-0.809079
0.36647
-0.952581
0.344505
-1.01201
0.351066
1.01924
0.36792
1.12436
0.491882
0.0215304
-0.238429
0.244378
0.0334468
-0.237589
0.0216505
0.256952
0.0481156
-0.235519
0.0203061
0.270136
0.0648867
-0.232224
0.0175384
0.283834
0.0850488
-0.22744
0.0125231
0.297933
0.107425
-0.221113
0.00530225
0.31227
0.131466
-0.213017
-0.00510708
0.326686
0.162508
-0.202367
-0.0184746
0.340916
0.186264
-0.190379
-0.0355861
0.354731
0.209513
-0.177048
-0.0552986
0.367944
0.260607
-0.159516
-0.0772346
0.380381
0.254715
-0.143896
-0.0993003
0.392026
0.273848
-0.127351
-0.121246
0.402716
0.297661
-0.109934
-0.146644
0.412173
0.334505
-0.0909197
-0.176701
0.420069
0.461043
-0.0634818
-0.210777
0.426324
0.507419
-0.0339179
-0.250016
0.430358
0.580938
0.000810642
-0.2952
0.431752
0.68093
0.0458272
-0.347072
0.429588
0.75817
0.105725
-0.406244
0.422714
0.782368
0.180708
-0.470433
0.410429
0.785736
0.269898
-0.531539
0.396793
0.77183
0.371223
-0.599967
0.382456
0.707711
0.478145
-0.782119
0.44141
-1.06105
0.356842
-1.34895
0.219834
-1.64188
0.143164
-0.691724
0.361388
-0.77887
0.34735
-0.915084
0.329019
-0.998536
0.330955
-0.616431
0.627726
0.339778
0.373658
1.01349
0.368783
0.0161211
-0.232489
0.237895
0.0265493
-0.231544
0.0166151
0.249409
0.0398077
-0.229302
0.0156907
0.261559
0.0553021
-0.225956
0.0134156
0.274246
0.0739068
-0.221105
0.00906436
0.287287
0.0948066
-0.214843
0.00263029
0.300609
0.117338
-0.206999
-0.00678441
0.313943
0.146235
-0.196743
-0.0189717
0.327164
0.169057
-0.185156
-0.0347278
0.340043
0.191337
-0.172208
-0.052897
0.352329
0.238708
-0.155156
-0.0732661
0.363964
0.234965
-0.139772
-0.093765
0.374851
0.253409
-0.123463
-0.114101
0.384871
0.276503
-0.106196
-0.137633
0.393711
0.311832
-0.0872528
-0.16564
0.401102
0.429966
-0.0598293
-0.197518
0.406822
0.473971
-0.0300365
-0.234219
0.41052
0.541975
0.00503551
-0.276421
0.411592
0.632188
0.049551
-0.324755
0.409429
0.697832
0.106153
-0.379763
0.403122
0.713934
0.174163
-0.439894
0.39215
0.713003
0.253433
-0.50007
0.37894
0.699054
0.342675
-0.567365
0.364212
0.642441
0.436484
-0.654148
0.344851
0.573079
0.532554
-0.627491
0.526337
-0.867052
0.485277
-1.18948
0.384953
-1.51407
0.221427
-1.72015
-0.746667
0.329238
-0.88045
0.312683
-0.981589
0.312153
-0.607366
0.321942
0.643552
0.357867
-0.648281
0.656543
0.331512
0.401329
0.980945
0.0112478
-0.227118
0.231971
0.0202578
-0.226206
0.0121022
0.242395
0.0320714
-0.223812
0.0115725
0.253518
0.0461758
-0.220176
0.00982093
0.265152
0.0632825
-0.215328
0.00605326
0.277253
0.0827995
-0.209093
0.000384479
0.289522
0.103901
-0.201409
-0.008113
0.30193
0.130617
-0.191395
-0.0192039
0.314178
0.152479
-0.180181
-0.033675
0.326107
0.173784
-0.16761
-0.0504322
0.337566
0.217541
-0.151042
-0.0692978
0.348364
0.215837
-0.136022
-0.0883361
0.358525
0.233562
-0.119925
-0.107123
0.367877
0.25591
-0.102888
-0.128874
0.376102
0.289717
-0.0841076
-0.154907
0.382986
0.399589
-0.0569033
-0.184678
0.388255
0.441321
-0.0271911
-0.218944
0.391558
0.50427
0.00766367
-0.258349
0.392443
0.58598
0.0512329
-0.303497
0.39035
0.642649
0.104734
-0.354764
0.384425
0.653014
0.167061
-0.411026
0.374279
0.649009
0.238158
-0.469453
0.36155
0.635073
0.317408
-0.53523
0.346782
0.58467
0.400447
-0.61837
0.328465
0.524256
0.4853
-0.713892
0.312053
0.469483
0.571701
-0.508653
0.587342
-0.688504
0.583471
-0.965245
0.536629
-1.34116
0.413087
-1.70573
0.179776
-0.847404
0.296241
-0.963271
0.294304
-0.599831
0.304583
-0.641359
0.315074
0.669603
0.375296
0.666105
0.348348
-0.681614
0.687523
0.325551
0.46324
0.00716767
-0.222371
0.226448
0.0145743
-0.221444
0.00823777
0.235828
0.0247977
-0.21895
0.00806442
0.245892
0.0375222
-0.215178
0.00674531
0.256581
0.0532057
-0.21012
0.0034993
0.267698
0.0713224
-0.203872
-0.0014465
0.279084
0.0909618
-0.196168
-0.0090986
0.290502
0.11567
-0.186464
-0.0191442
0.301852
0.13658
-0.175496
-0.0324068
0.312896
0.156883
-0.163281
-0.0478046
0.323479
0.197149
-0.147212
-0.0652916
0.333548
0.197313
-0.132513
-0.0829284
0.342962
0.2143
-0.116771
-0.100258
0.351649
0.235931
-0.0999574
-0.120306
0.359317
0.268259
-0.0814295
-0.144495
0.365681
0.370125
-0.0546361
-0.1722
0.370523
0.409682
-0.0252671
-0.204208
0.373513
0.468012
0.009058
-0.240986
0.374211
0.54228
0.0513599
-0.283127
0.372069
0.591799
0.10207
-0.330845
0.366451
0.598237
0.15951
-0.383716
0.357092
0.592239
0.223822
-0.440036
0.344839
0.578486
0.294744
-0.503846
0.330182
0.533408
0.368661
-0.584003
0.312382
0.480556
0.444146
-0.680728
0.295349
0.43355
0.521242
-0.815287
0.279896
0.382192
0.598795
-0.409265
0.630061
-0.551365
0.652002
-0.75703
0.65167
-1.08028
0.597434
-1.5255
0.437651
-1.96359
-0.944063
0.277122
-0.59339
0.287925
-0.635904
0.299071
-0.676259
0.309838
0.443695
0.675957
0.365467
0.694063
0.341869
-0.709719
0.715362
0.320043
0.00387337
-0.218104
0.22138
0.00954885
-0.21736
0.00507539
0.229599
0.0181645
-0.214822
0.00513315
0.238749
0.0293844
-0.210817
0.00411025
0.248523
0.0435431
-0.205516
0.00142935
0.258647
0.0602749
-0.199071
-0.00287375
0.269117
0.078556
-0.191469
-0.00968072
0.279659
0.101341
-0.181848
-0.0187592
0.290119
0.121306
-0.171202
-0.030869
0.30031
0.140665
-0.159286
-0.0450359
0.310114
0.177543
-0.14368
-0.0611811
0.319371
0.179414
-0.129317
-0.0775317
0.328141
0.195696
-0.113908
-0.0934707
0.336178
0.216597
-0.097447
-0.11194
0.343274
0.247471
-0.079197
-0.13433
0.34916
0.341608
-0.0529418
-0.160124
0.353598
0.379158
-0.0241222
-0.189938
0.356265
0.433285
0.00945412
-0.224268
0.356791
0.500992
0.0503339
-0.263549
0.354651
0.5448
0.0983558
-0.308131
0.349348
0.548676
0.151619
-0.357694
0.340454
0.541492
0.210255
-0.411538
0.32861
0.528133
0.274166
-0.473197
0.314165
0.487712
0.340437
-0.550585
0.296796
0.441218
0.40799
-0.647813
0.279442
0.400619
0.477063
-0.783759
0.263868
0.356518
0.546904
-0.924697
0.260471
0.31597
0.617192
-0.334372
0.658268
-0.437484
0.697903
-0.597279
0.72902
-0.834389
0.735161
-1.21801
0.670787
-1.75863
0.464084
-2.39675
-0.588209
0.271905
-0.631628
0.283709
-0.671973
0.294676
-0.704868
0.304878
0.434007
0.700737
0.358816
0.721439
0.335829
-0.735107
0.74106
0.314206
0.00145407
-0.214243
0.216657
0.00529434
-0.213853
0.00254932
0.223897
0.0121933
-0.211402
0.00275237
0.231968
0.0218311
-0.207287
0.00212136
0.240727
0.0344092
-0.201703
-0.000118624
0.250063
0.0497982
-0.195057
-0.00383686
0.259605
0.0667042
-0.187229
-0.00987427
0.2693
0.0876633
-0.177788
-0.0180244
0.278907
0.106706
-0.167246
-0.029047
0.288282
0.125046
-0.155587
-0.0420394
0.297312
0.158724
-0.140467
-0.0569765
0.305898
0.162196
-0.126447
-0.0720912
0.313935
0.1778
-0.111408
-0.0867371
0.321396
0.197969
-0.0952856
-0.1037
0.327946
0.227381
-0.0773736
-0.124428
0.333364
0.314145
-0.0517465
-0.148369
0.337422
0.349773
-0.0235642
-0.176161
0.339815
0.400058
0.00909606
-0.208138
0.340156
0.462002
0.0484391
-0.244777
0.338012
0.501146
0.0939743
-0.286366
0.332905
0.503453
0.143575
-0.332895
0.324527
0.495765
0.197335
-0.384164
0.313053
0.483039
0.255345
-0.443436
0.298864
0.446735
0.315132
-0.51825
0.281793
0.405696
0.375961
-0.61503
0.264055
0.370499
0.438138
-0.75262
0.248259
0.332485
0.501133
-0.905181
0.24444
0.297956
0.564934
-0.584163
0.256493
0.268202
0.6295
-0.280499
0.676381
-0.352484
0.726846
-0.466417
0.778132
-0.646381
0.822635
-0.921871
0.840258
-1.38751
0.76267
-2.05722
0.533343
-0.628733
0.268951
-0.668345
0.280198
-0.70037
0.290317
-0.729625
0.299527
0.424794
0.727998
0.352276
0.747498
0.329482
-0.758573
0.764998
0.307904
-0.210761
0.21221
0.00206709
-0.21103
0.000862269
0.218333
0.00705398
-0.208732
0.00117758
0.22546
0.0149053
-0.204488
0.000696458
0.233387
0.0257461
-0.198626
-0.00117258
0.241775
0.0397467
-0.191645
-0.00430778
0.250527
0.0553217
-0.183667
-0.00968712
0.259412
0.0745815
-0.174148
-0.0169349
0.268213
0.0926208
-0.163711
-0.0269703
0.276826
0.110105
-0.152311
-0.0388723
0.285103
0.140681
-0.137547
-0.0526187
0.292956
0.145644
-0.123916
-0.0665908
0.300388
0.16058
-0.109234
-0.0800277
0.307229
0.180022
-0.0934828
-0.0955715
0.31326
0.208023
-0.0759592
-0.114716
0.318243
0.287707
-0.0509675
-0.136961
0.321951
0.321555
-0.0235421
-0.162786
0.32406
0.368369
0.00811794
-0.192595
0.324266
0.425181
0.0459058
-0.226721
0.322119
0.460545
0.0890345
-0.265553
0.317192
0.461989
0.135425
-0.309132
0.309167
0.454356
0.18498
-0.357747
0.298125
0.442438
0.237926
-0.414596
0.284186
0.409857
0.292218
-0.486685
0.267331
0.373549
0.347261
-0.582649
0.249388
0.342892
0.403539
-0.721688
0.23317
0.310066
0.46055
-0.885861
0.228877
0.280559
0.51855
-0.58157
0.241806
0.255487
0.57766
-0.626978
0.254805
0.230887
0.637622
-0.238993
0.687775
-0.291888
0.743566
-0.369207
0.806984
-0.495277
0.87324
-0.696991
0.938754
-1.02037
0.978203
-1.60303
0.878819
-2.40269
-0.665828
0.266328
-0.696708
0.276424
-0.724798
0.285414
-0.752537
0.293667
0.414958
0.754426
0.34538
0.771855
0.322722
-0.780712
0.787505
0.301259
-0.2087
0.213069
0.00292732
-0.206921
0.000189251
0.219309
0.00879871
-0.202643
-0.000178647
0.226325
0.0177999
-0.196553
-0.00172192
0.23393
0.0302859
-0.189174
-0.00439676
0.241858
0.0444836
-0.18082
-0.00910566
0.249935
0.0620502
-0.171143
-0.0155261
0.257988
0.0791787
-0.160699
-0.0246228
0.265852
0.0957613
-0.149358
-0.0354563
0.273408
0.123411
-0.135039
-0.0481199
0.280594
0.129764
-0.121669
-0.0610079
0.287377
0.143976
-0.107312
-0.0733087
0.293659
0.162715
-0.0919254
-0.0875418
0.299208
0.189339
-0.0748049
-0.105246
0.303782
0.262319
-0.0505882
-0.12584
0.30714
0.294556
-0.0239853
-0.149857
0.309015
0.338195
0.00662194
-0.17758
0.309065
0.390416
0.0428758
-0.209386
0.306924
0.422655
0.0837827
-0.245572
0.302158
0.4238
0.127218
-0.286428
0.294466
0.41661
0.173159
-0.33241
0.283802
0.405633
0.221778
-0.386636
0.270179
0.376471
0.2713
-0.456088
0.253551
0.344348
0.321414
-0.550633
0.235354
0.317632
0.372553
-0.69096
0.218612
0.289185
0.424492
-0.866448
0.213839
0.263882
0.477273
-0.580338
0.227715
0.242765
0.531275
-0.626563
0.241324
0.222228
0.586317
-0.663919
0.253012
0.20278
0.642357
-0.207515
0.694649
-0.245859
0.752733
-0.30105
0.820572
-0.38279
0.902772
-0.524798
0.984782
-0.74302
1.09016
-1.13234
1.1673
-1.89151
1.00278
-3.01856
-0.693349
0.263102
-0.720222
0.271956
-0.747118
0.279923
-0.774266
0.28738
0.404574
0.779151
0.33812
0.794648
0.315685
-0.802038
0.808927
0.294512
-0.205777
0.213256
0.00371216
-0.201843
-0.000377743
0.219499
0.0107264
-0.195567
-0.00167183
0.226269
0.0214282
-0.18769
-0.00391551
0.233442
0.034084
-0.178765
-0.00805501
0.240799
0.0500129
-0.168765
-0.0137514
0.248159
0.0662978
-0.158251
-0.0219529
0.255313
0.0819958
-0.146939
-0.0318035
0.262189
0.106926
-0.132885
-0.0434353
0.268722
0.114501
-0.119782
-0.0553456
0.274924
0.128084
-0.105783
-0.0665889
0.280658
0.14616
-0.0907748
-0.0796298
0.28574
0.17146
-0.0740756
-0.0959503
0.289919
0.238021
-0.0505392
-0.115039
0.292976
0.268733
-0.0247841
-0.137321
0.294614
0.309456
0.00474455
-0.163108
0.294536
0.357572
0.0394552
-0.19269
0.292387
0.387254
0.0782697
-0.226442
0.287784
0.388479
0.11909
-0.264634
0.280386
0.382011
0.16181
-0.308015
0.270087
0.372143
0.206638
-0.35965
0.256791
0.346138
0.252103
-0.426261
0.240381
0.317715
0.297912
-0.519105
0.221997
0.29439
0.34461
-0.660216
0.204654
0.26969
0.392004
-0.84723
0.199333
0.248029
0.440378
-0.580828
0.214278
0.230256
0.489871
-0.627277
0.228497
0.213136
0.540441
-0.663089
0.240388
0.197063
0.592076
-0.69079
0.250337
0.180722
0.644401
-0.182716
0.698552
-0.211402
0.758017
-0.251135
0.824212
-0.304685
0.91085
-0.390865
1.02218
-0.562195
1.09995
-0.752801
1.31755
-1.28258
1.42568
-2.31442
1.19044
-0.716245
0.259031
-0.741802
0.266802
-0.768393
0.273969
-0.795384
0.280931
0.393763
0.80215
0.330658
0.816122
0.308606
-0.822657
0.829494
0.287868
-0.20207
0.212878
0.00459981
-0.195729
-0.00108164
0.218902
0.0131999
-0.187345
-0.00307141
0.22542
0.0241911
-0.177798
-0.00665508
0.232035
0.0385893
-0.167349
-0.0116596
0.238696
0.0539669
-0.156451
-0.0189784
0.245171
0.0687317
-0.144996
-0.0278895
0.251394
0.0911707
-0.131176
-0.0385805
0.257326
0.0998866
-0.118261
-0.0495649
0.262944
0.112825
-0.104527
-0.0598664
0.268193
0.130263
-0.089895
-0.0717995
0.272835
0.154243
-0.0735677
-0.0868523
0.276634
0.214739
-0.0508054
-0.104497
0.279395
0.24406
-0.0258801
-0.12518
0.280827
0.282111
0.00255023
-0.149118
0.280643
0.326513
0.0357944
-0.176661
0.278497
0.354039
0.0726568
-0.208067
0.27403
0.355675
0.111065
-0.243791
0.266917
0.350161
0.150927
-0.284624
0.256964
0.34147
0.192475
-0.333565
0.244016
0.318387
0.234374
-0.397355
0.227848
0.293331
0.276477
-0.487977
0.20929
0.272986
0.319328
-0.629579
0.191311
0.25158
0.362765
-0.827798
0.185298
0.233026
0.407047
-0.582943
0.201511
0.218117
0.452526
-0.629375
0.216299
0.203881
0.499127
-0.662794
0.228315
0.190763
0.546757
-0.688506
0.238229
0.177556
0.595255
-0.712452
0.246641
0.162203
0.643721
-0.161493
0.699608
-0.183749
0.761081
-0.214456
0.826241
-0.253156
0.899324
-0.293149
1.02934
-0.398007
1.17653
-0.638772
1.14584
-0.737084
0.254219
-0.762615
0.261155
-0.789325
0.267836
-0.816112
0.274566
0.382726
0.823593
0.323229
0.836535
0.301685
-0.843004
0.849519
0.28153
-0.197466
0.211795
0.00596576
-0.18848
-0.00178062
0.217604
0.0150597
-0.178201
-0.00484116
0.223596
0.0277583
-0.166962
-0.00919742
0.229566
0.0420798
-0.155451
-0.0157278
0.235438
0.0560458
-0.143746
-0.023779
0.241052
0.0761561
-0.129974
-0.0335732
0.246385
0.0858795
-0.117185
-0.0436938
0.251449
0.0982492
-0.103712
-0.053129
0.256205
0.115067
-0.0893625
-0.0640469
0.260434
0.137747
-0.0734304
-0.0779322
0.263918
0.192496
-0.0513519
-0.0942705
0.266402
0.220522
-0.0272809
-0.113406
0.267628
0.2561
0.000120543
-0.135647
0.267348
0.297146
0.0319079
-0.161214
0.265212
0.322906
0.066919
-0.190467
0.260884
0.325168
0.103151
-0.223772
0.254034
0.320725
0.140492
-0.26212
0.244432
0.31327
0.179114
-0.308459
0.231831
0.292933
0.217919
-0.369242
0.215928
0.270916
0.256767
-0.457409
0.197258
0.253207
0.296208
-0.598822
0.178577
0.234624
0.336221
-0.808353
0.1718
0.218765
0.377012
-0.587065
0.189361
0.206268
0.418964
-0.632563
0.204765
0.194509
0.462001
-0.663484
0.216881
0.183899
0.506072
-0.686943
0.226631
0.173351
0.551017
-0.709201
0.234867
0.161279
0.596216
-0.732421
0.242128
0.145313
0.640137
-0.141664
0.697142
-0.158976
0.761994
-0.184632
0.829772
-0.217975
0.89431
-0.248135
0.966349
-0.230159
1.24938
-0.470862
1.32975
-0.757352
0.248851
-0.783285
0.255298
-0.810059
0.261691
-0.836677
0.268461
0.371718
0.843786
0.316023
0.856245
0.295116
-0.862958
0.869075
0.275722
-0.191504
0.210013
0.00682898
-0.180261
-0.00259125
0.215344
0.0174957
-0.167947
-0.00640048
0.22079
0.0307021
-0.155587
-0.0121957
0.226023
0.0438728
-0.143292
-0.0194187
0.231071
0.0618342
-0.12945
-0.0283711
0.235843
0.0725044
-0.116612
-0.037698
0.240389
0.0842741
-0.103199
-0.0463837
0.244696
0.100474
-0.0891013
-0.0564012
0.248564
0.12192
-0.0735239
-0.0692141
0.251708
0.171235
-0.0521665
-0.0842886
0.25395
0.198048
-0.0288849
-0.102026
0.255012
0.231337
-0.00252794
-0.122631
0.25463
0.269382
0.0278753
-0.146382
0.252507
0.293637
0.061166
-0.173547
0.248308
0.296657
0.095421
-0.20463
0.241716
0.293382
0.130481
-0.240565
0.232448
0.28721
0.166541
-0.284238
0.220221
0.269469
0.202562
-0.342062
0.204614
0.250259
0.238564
-0.427331
0.185886
0.234898
0.275079
-0.568109
0.166496
0.218839
0.312015
-0.788442
0.158733
0.205295
0.349694
-0.593083
0.177876
0.194818
0.388425
-0.637112
0.19382
0.185174
0.428255
-0.664605
0.205993
0.176692
0.469209
-0.685527
0.215584
0.168432
0.51103
-0.706058
0.223575
0.15902
0.553305
-0.728277
0.230622
0.146608
0.59494
-0.752131
0.237022
0.129255
0.633627
-0.122709
0.690255
-0.134742
0.758594
-0.155545
0.833606
-0.188449
0.900993
-0.224646
0.946156
-0.227932
0.971835
-0.777805
0.243272
-0.804051
0.249428
-0.830903
0.25583
-0.857054
0.262811
0.360907
0.863107
0.309217
0.875238
0.289135
-0.882888
0.888375
0.270575
-0.184667
0.207421
0.00813866
-0.170887
-0.00335094
0.212286
0.0199353
-0.157172
-0.00839283
0.216977
0.0320713
-0.143784
-0.014868
0.221466
0.0481421
-0.129587
-0.0229949
0.225691
0.0595877
-0.116512
-0.0316155
0.229758
0.0708912
-0.103223
-0.039638
0.23364
0.0865367
-0.0892839
-0.0488586
0.237149
0.106725
-0.0739462
-0.0606722
0.240021
0.150916
-0.0532504
-0.0746223
0.242038
0.176592
-0.0307473
-0.0910104
0.242938
0.207791
-0.00536025
-0.110103
0.242474
0.243063
0.0237809
-0.132106
0.240368
0.266042
0.0554614
-0.157355
0.236301
0.269947
0.0878639
-0.186252
0.229954
0.26793
0.120862
-0.219839
0.221014
0.263052
0.154626
-0.260989
0.209178
0.247752
0.188246
-0.315704
0.193886
0.231077
0.221721
-0.397896
0.175155
0.217829
0.255587
-0.537222
0.155043
0.203992
0.289859
-0.768201
0.146194
0.192481
0.324792
-0.601452
0.167037
0.183819
0.360718
-0.642703
0.183532
0.175973
0.397688
-0.666581
0.195687
0.169223
0.435771
-0.684729
0.205075
0.162852
0.474811
-0.703392
0.212798
0.15555
0.514514
-0.724133
0.219574
0.146024
0.553904
-0.747392
0.225754
0.132466
0.591747
-0.772293
0.231669
0.113096
0.625485
-0.10492
0.678647
-0.111043
0.747439
-0.123522
0.832632
-0.154537
0.916037
-0.203488
0.961637
-0.240129
0.93952
-0.798507
0.237602
-0.825037
0.243752
-0.851658
0.250377
-0.877503
0.257834
0.350439
0.88145
0.303074
0.893917
0.283842
-0.902318
0.907222
0.266133
-0.176537
0.204069
0.00959921
-0.16057
-0.00431679
0.2082
0.0207201
-0.145828
-0.0100714
0.212174
0.0351295
-0.130777
-0.0174463
0.215913
0.0472506
-0.117274
-0.0254359
0.21951
0.0581015
-0.103754
-0.0329064
0.223019
0.0731561
-0.0898579
-0.0414263
0.226209
0.092168
-0.0747165
-0.0523466
0.228815
0.13157
-0.0545726
-0.0652047
0.230614
0.156142
-0.0327748
-0.0803486
0.231366
0.185385
-0.00832929
-0.0979952
0.230844
0.218146
0.0195559
-0.118402
0.22876
0.24005
0.0497641
-0.141796
0.224824
0.244893
0.080507
-0.168686
0.218706
0.244147
0.111635
-0.20003
0.210111
0.240545
0.143358
-0.238627
0.198654
0.227551
0.17481
-0.290277
0.18372
0.213233
0.206075
-0.369024
0.165045
0.201927
0.237618
-0.506361
0.144242
0.190084
0.269504
-0.747166
0.134065
0.180351
0.301978
-0.612028
0.156825
0.173188
0.335374
-0.649539
0.173777
0.166851
0.369777
-0.668854
0.185907
0.161605
0.40527
-0.684019
0.195088
0.156839
0.44178
-0.700759
0.202525
0.151346
0.479022
-0.720462
0.209016
0.14409
0.516459
-0.742651
0.214928
0.133344
0.553037
-0.767269
0.220628
0.11771
0.587144
-0.792962
0.226241
0.0937279
0.617448
-0.0856754
0.665381
-0.0916274
0.72696
-0.0905447
0.817
-0.107883
0.930241
-0.168732
1.00533
-0.247172
0.977103
-0.819706
0.23216
-0.846191
0.238496
-0.872724
0.245518
-0.898171
0.253473
0.340649
0.899438
0.297635
0.911857
0.279282
-0.921457
0.924921
0.262645
-0.166928
0.199752
0.00990581
-0.149737
-0.00513016
0.203252
0.0227124
-0.133409
-0.011767
0.206491
0.0353556
-0.118883
-0.0191882
0.209665
0.0457837
-0.104937
-0.0262002
0.2128
0.0603406
-0.0909122
-0.0341234
0.215713
0.0781428
-0.0758194
-0.044211
0.218069
0.113062
-0.0562216
-0.0560811
0.219688
0.136605
-0.035077
-0.0700493
0.220313
0.164023
-0.0114634
-0.0863672
0.21973
0.194457
0.0153213
-0.105218
0.21767
0.215425
0.0441595
-0.12691
0.213857
0.221287
0.0733598
-0.151823
0.207985
0.221814
0.10283
-0.180991
0.199702
0.219488
0.132678
-0.217189
0.188652
0.208675
0.16222
-0.265699
0.1741
0.196552
0.191468
-0.34086
0.155539
0.186991
0.22097
-0.475328
0.134062
0.176917
0.250723
-0.725387
0.1224
0.16878
0.281031
-0.625233
0.147205
0.162973
0.312197
-0.657304
0.16465
0.157957
0.344299
-0.671839
0.17665
0.15396
0.377439
-0.683805
0.18557
0.150493
0.411613
-0.698544
0.192741
0.146534
0.446591
-0.71676
0.198953
0.140978
0.482135
-0.738343
0.204571
0.132645
0.51716
-0.762204
0.210002
0.119861
0.550893
-0.787897
0.215416
0.0988446
0.58203
-0.814301
0.221007
0.0705588
0.610745
-0.0638505
0.653738
-0.074013
0.705622
-0.0702655
0.776884
-0.0503999
0.916518
-0.0941332
1.07268
-0.236074
1.06422
-0.841207
0.227066
-0.867649
0.233779
-0.893564
0.241315
-0.917692
0.250061
0.331443
0.91656
0.292969
0.928666
0.275752
-0.939202
0.941508
0.260495
-0.157036
0.194622
0.010875
-0.137924
-0.00594762
0.197429
0.0237213
-0.121781
-0.0128554
0.200158
0.0338337
-0.10694
-0.0195338
0.202992
0.0479567
-0.0925799
-0.0269599
0.205634
0.0646102
-0.0774149
-0.0362908
0.207784
0.0953903
-0.0581769
-0.0472227
0.209217
0.11788
-0.0375094
-0.0601003
0.209729
0.143618
-0.0146731
-0.0751477
0.209103
0.171928
0.0110632
-0.0925804
0.207083
0.192136
0.0386028
-0.112624
0.203396
0.199016
0.0664201
-0.13575
0.197749
0.200811
0.0943516
-0.162842
0.18978
0.199741
0.122565
-0.196637
0.179141
0.190978
0.150359
-0.242065
0.164987
0.180884
0.17787
-0.313356
0.146615
0.172934
0.205515
-0.444364
0.124525
0.164497
0.23339
-0.702475
0.111188
0.157755
0.261734
-0.64099
0.138216
0.153079
0.290875
-0.666218
0.156016
0.149175
0.320908
-0.674974
0.167878
0.14625
0.351961
-0.683581
0.176528
0.143903
0.384014
-0.696295
0.183397
0.141145
0.416992
-0.713441
0.189311
0.137083
0.450474
-0.734011
0.194698
0.130565
0.48421
-0.757624
0.199882
0.120049
0.516975
-0.782809
0.205014
0.10168
0.548069
-0.809389
0.210386
0.0754492
0.577133
-0.836112
0.216092
0.0472909
0.605459
-0.0420072
0.645169
-0.0552717
0.689621
-0.0580017
0.742676
-0.0360382
0.820546
0.0455906
1.11818
-0.139627
1.26226
-0.863205
0.222505
-0.889696
0.229681
-0.914656
0.237963
-0.936551
0.247902
0.32296
0.932323
0.289397
0.943971
0.273633
-0.955961
0.956603
0.259739
-0.146148
0.188674
0.0122829
-0.126464
-0.00644423
0.191017
0.0222664
-0.110212
-0.0129364
0.193555
0.0360483
-0.0950336
-0.0199499
0.195981
0.0514837
-0.0794385
-0.0285851
0.197924
0.0784476
-0.0604508
-0.038654
0.199216
0.0999482
-0.0402452
-0.0505098
0.199621
0.124107
-0.0180309
-0.0643776
0.198953
0.150481
0.0067257
-0.0804323
0.196962
0.170018
0.0331441
-0.0989614
0.193404
0.177902
0.0597007
-0.12031
0.187978
0.180961
0.0862592
-0.145365
0.18033
0.181118
0.112961
-0.176975
0.170094
0.174291
0.139237
-0.219264
0.15637
0.16609
0.16513
-0.286626
0.13824
0.159633
0.191132
-0.413293
0.115603
0.152648
0.217306
-0.678375
0.100376
0.147176
0.243924
-0.659704
0.129837
0.143544
0.271264
-0.675867
0.147922
0.140629
0.299441
-0.678637
0.159569
0.138611
0.328557
-0.683746
0.167923
0.137149
0.358697
-0.694401
0.174498
0.135389
0.389748
-0.710062
0.180138
0.132533
0.421526
-0.730081
0.185232
0.127485
0.453547
-0.752985
0.190171
0.118948
0.485314
-0.778134
0.19506
0.102777
0.515875
-0.804395
0.200179
0.0785895
0.54494
-0.831503
0.205647
0.0514625
0.572943
-0.85848
0.211691
0.0237706
0.600956
-0.019276
0.63911
-0.035948
0.679808
-0.0454569
0.722822
-0.038129
0.768174
0.0163534
0.81425
-0.885363
0.218561
-0.911074
0.226429
-0.93471
0.235784
-0.954525
0.247038
0.315515
0.946182
0.287314
0.957587
0.27301
-0.971749
0.971206
0.260573
-0.133888
0.18223
0.0109508
-0.11518
-0.00643212
0.184508
0.024374
-0.0985513
-0.0131097
0.186713
0.0386133
-0.0821712
-0.0210955
0.188484
0.0621495
-0.0631664
-0.0303675
0.189639
0.082668
-0.0432186
-0.0412594
0.189954
0.105379
-0.0215689
-0.054005
0.189254
0.129998
0.00241566
-0.0687924
0.187304
0.148941
0.0277818
-0.0858664
0.183874
0.157839
0.0531923
-0.105602
0.178661
0.162127
0.0785234
-0.128756
0.171316
0.16349
0.103876
-0.158174
0.1615
0.158495
0.128741
-0.197432
0.148214
0.15208
0.153229
-0.260648
0.130394
0.14699
0.177758
-0.382392
0.107284
0.141355
0.20242
-0.652729
0.0899703
0.137022
0.227445
-0.681279
0.12202
0.134273
0.253151
-0.686472
0.14034
0.132187
0.279645
-0.68236
0.15173
0.130949
0.307051
-0.68384
0.159755
0.130268
0.335409
-0.69242
0.166014
0.12936
0.364704
-0.707062
0.17138
0.127498
0.394764
-0.726108
0.176221
0.123707
0.425293
-0.748768
0.180918
0.116582
0.455902
-0.773432
0.185556
0.102391
0.485707
-0.799877
0.190419
0.0802486
0.514205
-0.82678
0.195615
0.0546379
0.541777
-0.854367
0.201387
0.0276364
0.569047
-0.881776
0.20784
-0.00080736
0.59658
0.00517536
0.634486
-0.0146613
0.673833
-0.0299762
0.713523
-0.0361416
0.749519
-0.0194574
0.762425
-0.908208
0.215352
-0.932097
0.224241
-0.954065
0.23481
-0.972964
0.247659
0.309567
0.958122
0.286886
0.970093
0.274035
-0.985428
0.982974
0.263623
-0.122918
0.175798
0.01264
-0.103422
-0.00645249
0.177848
0.0258379
-0.0857684
-0.0138422
0.179454
0.0464149
-0.0664407
-0.0223563
0.180476
0.0660066
-0.0465126
-0.0323441
0.180717
0.0873319
-0.025189
-0.0440416
0.179987
0.110344
-0.00194703
-0.0576275
0.178091
0.12883
0.0224967
-0.0733626
0.174782
0.138702
0.0469025
-0.0914994
0.169791
0.144198
0.0711095
-0.112729
0.162734
0.146733
0.0952673
-0.140161
0.153328
0.143463
0.118893
-0.176384
0.140505
0.138715
0.142083
-0.235496
0.123048
0.134897
0.165286
-0.351478
0.0995564
0.130489
0.188573
-0.625485
0.0799955
0.127197
0.212202
-0.706122
0.114758
0.12526
0.236445
-0.697595
0.1332
0.123928
0.261421
-0.6864
0.144266
0.123363
0.287233
-0.684192
0.151959
0.123312
0.313986
-0.690751
0.15794
0.123099
0.341645
-0.703977
0.163034
0.122062
0.370118
-0.72249
0.167616
0.119278
0.39917
-0.74453
0.172067
0.113461
0.428409
-0.769153
0.176488
0.101
0.45728
-0.795286
0.181115
0.0807049
0.485262
-0.822533
0.186028
0.0566494
0.512171
-0.84997
0.19151
0.0308527
0.538574
-0.877695
0.19767
0.00318974
0.565006
-0.904759
0.20474
-0.0271822
0.591557
0.0321985
0.629951
0.00969144
0.669473
-0.0103088
0.709236
-0.0256722
0.74556
-0.0321676
0.765739
-0.930327
0.213198
-0.952541
0.2232
-0.973016
0.235327
-0.988794
0.250601
0.305225
0.968835
0.28811
0.97953
0.277412
-1.51566
1.50374
0.275933
-0.110304
0.169345
0.0129569
-0.090575
-0.00680224
0.170802
0.0310575
-0.0704341
-0.0146205
0.171721
0.0497138
-0.0501669
-0.0237762
0.171896
0.0698339
-0.0290477
-0.0344816
0.171157
0.0914279
-0.00631693
-0.046946
0.169298
0.109528
0.0173218
-0.0613813
0.166111
0.120348
0.0408346
-0.0780824
0.161325
0.127032
0.0640566
-0.0975875
0.154564
0.130689
0.0871413
-0.123087
0.14557
0.129086
0.109628
-0.156307
0.133202
0.125905
0.131684
-0.211178
0.116162
0.123285
0.153678
-0.320907
0.0923934
0.120031
0.175734
-0.596354
0.0704089
0.117674
0.198079
-0.734097
0.108064
0.116444
0.22098
-0.70943
0.12649
0.11576
0.244557
-0.690355
0.13723
0.115786
0.26895
-0.684409
0.14456
0.116301
0.294219
-0.688954
0.150226
0.116673
0.320389
-0.701192
0.15504
0.116315
0.347361
-0.718832
0.159412
0.114387
0.374988
-0.740639
0.163625
0.109618
0.402992
-0.764827
0.167813
0.0985853
0.430826
-0.79111
0.172195
0.0800395
0.457924
-0.818152
0.176874
0.0577388
0.484184
-0.846171
0.182062
0.0331392
0.50985
-0.874363
0.187889
0.00662679
0.535154
-0.902116
0.194653
-0.0225335
0.560301
-0.927788
0.202614
-0.0554899
0.585184
0.0618597
0.624619
0.0374991
0.665153
0.014001
0.70614
-0.00719625
0.745377
-0.0254767
0.776026
-0.952015
0.2121
-0.97388
0.223565
-0.990716
0.237885
-1.52616
0.262146
0.302422
0.975804
0.291823
1.49118
0.290529
-1.47261
1.45327
0.295674
-0.0973272
0.162543
0.0157945
-0.0752852
-0.00717723
0.163362
0.0335792
-0.0542878
-0.0155376
0.163472
0.0527022
-0.033049
-0.0252984
0.162712
0.0730805
-0.0107313
-0.0367046
0.160914
0.0908828
0.0122991
-0.0499418
0.157843
0.10265
0.0350019
-0.0652334
0.153275
0.110495
0.0573595
-0.0829002
0.146783
0.115273
0.0794605
-0.106682
0.138193
0.115259
0.100954
-0.136928
0.126297
0.113555
0.121957
-0.18766
0.109721
0.112069
0.142867
-0.290419
0.0857808
0.109857
0.163804
-0.565201
0.0612026
0.108383
0.184984
-0.76562
0.101878
0.107825
0.206682
-0.72153
0.12022
0.107747
0.229
-0.694529
0.130554
0.108268
0.252077
-0.684834
0.137537
0.109246
0.275985
-0.687438
0.1429
0.1101
0.300761
-0.69832
0.147442
0.110337
0.326339
-0.715499
0.151556
0.109111
0.352607
-0.736746
0.155566
0.105265
0.379331
-0.760886
0.159546
0.0955066
0.406047
-0.786879
0.163725
0.07864
0.432234
-0.81425
0.168154
0.0579461
0.457684
-0.842103
0.173076
0.0348304
0.482508
-0.870562
0.178603
0.00945817
0.50697
-0.89885
0.184985
-0.0183592
0.531002
-0.926108
0.192567
-0.0496596
0.5544
-0.95041
0.201467
-0.0855671
0.576754
0.0940011
0.617786
0.0686462
0.659788
0.0428533
0.702521
0.0176375
0.744877
-0.00668565
0.783172
-0.973586
0.212339
-0.993604
0.22607
-1.5375
0.248826
-1.49048
0.28071
0.301919
1.47741
0.305774
1.43309
0.311289
-1.39286
1.36291
0.3256
-0.0815565
0.155365
0.0172762
-0.0590195
-0.0076149
0.155428
0.0356532
-0.0372774
-0.0164967
0.154669
0.0550857
-0.0150926
-0.0269072
0.152908
0.0727344
0.00738246
-0.0389989
0.149965
0.0854657
0.0294613
-0.0530187
0.145592
0.0944542
0.0510313
-0.0690624
0.139367
0.100354
0.0722675
-0.0912598
0.131184
0.101862
0.0928432
-0.118578
0.119761
0.101574
0.112916
-0.165147
0.103689
0.101157
0.132849
-0.260463
0.0796833
0.099961
0.15275
-0.531881
0.0524101
0.0992959
0.172874
-0.800468
0.0961784
0.0993272
0.193449
-0.734063
0.114315
0.0997782
0.214604
-0.698443
0.1242
0.10075
0.236474
-0.685065
0.130847
0.102157
0.259137
-0.685735
0.135891
0.103445
0.282614
-0.695748
0.140207
0.10418
0.306886
-0.712127
0.144082
0.10357
0.331859
-0.733147
0.147878
0.100483
0.357359
-0.756911
0.15165
0.0918584
0.382979
-0.783045
0.155595
0.0764746
0.40818
-0.81021
0.159812
0.0574108
0.432779
-0.838595
0.164459
0.0356572
0.45681
-0.8675
0.169699
0.011738
0.480249
-0.896399
0.175755
-0.0147225
0.503274
-0.923647
0.182941
-0.0443198
0.525692
-0.94978
0.191364
-0.0780622
0.546815
-0.974225
0.201589
-0.117133
0.5656
0.128305
0.608842
0.102882
0.652818
0.075606
0.697428
0.0479647
0.742534
0.0199894
0.786236
-0.995144
0.214532
-1.54667
0.236184
-1.5085
0.266324
-1.42044
0.308952
0.310308
1.41138
0.32768
1.33158
0.342936
-1.26842
1.22637
0.368012
-0.0642684
0.14775
0.0182913
-0.0416441
-0.00806733
0.146998
0.037223
-0.019422
-0.0175365
0.145292
0.0549002
0.00271285
-0.0285605
0.142457
0.0686071
0.0242146
-0.041354
0.138286
0.078773
0.0451275
-0.0558466
0.132316
0.0857998
0.0655723
-0.0764612
0.124531
0.0887915
0.0853223
-0.100805
0.113573
0.0898643
0.104532
-0.143372
0.0980378
0.090489
0.123552
-0.230704
0.0740944
0.0902464
0.14252
-0.496149
0.0439859
0.0903457
0.161661
-0.839074
0.0909701
0.0909575
0.181225
-0.746587
0.108759
0.0919109
0.201318
-0.702452
0.11821
0.0932896
0.222064
-0.685458
0.124474
0.0950547
0.243557
-0.68429
0.129254
0.096713
0.26584
-0.693092
0.1333
0.097882
0.288887
-0.709031
0.136972
0.097785
0.312636
-0.729626
0.140568
0.0953879
0.336941
-0.753306
0.144137
0.0877463
0.361441
-0.77915
0.147893
0.0737911
0.385669
-0.806625
0.151871
0.0561394
0.409407
-0.834811
0.156279
0.0358925
0.43256
-0.863956
0.16124
0.0133452
0.455143
-0.893294
0.166964
-0.0116047
0.477157
-0.922083
0.173766
-0.0395487
0.49843
-0.948141
0.181741
-0.0708755
0.518546
-0.973718
0.191406
-0.106932
0.536525
-0.997619
0.203648
-0.14853
0.550303
0.16387
0.59679
0.140277
0.643307
0.112386
0.690157
0.0828943
0.737763
0.0527428
0.785314
-1.55675
0.224109
-1.5245
0.252714
-1.44766
0.293125
-1.30841
0.349352
0.327363
1.29826
0.361097
1.18221
0.387446
-1.05093
0.988527
0.430385
-0.0459995
0.139683
0.0190338
-0.0235025
-0.00857169
0.138026
0.0370665
-0.00163951
-0.0185936
0.135312
0.051895
0.0193919
-0.0302507
0.131333
0.063287
0.0396846
-0.0430701
0.125611
0.0715091
0.0594067
-0.0623459
0.118216
0.0759564
0.0783952
-0.0840503
0.10771
0.0783617
0.0968072
-0.122735
0.0927452
0.0800107
0.114989
-0.201757
0.0689638
0.0806932
0.133089
-0.458156
0.03597
0.081528
0.151321
-0.8811
0.0861859
0.0826725
0.169918
-0.75926
0.103551
0.0840785
0.189017
-0.706145
0.112503
0.0858419
0.208728
-0.685602
0.118395
0.0879437
0.229151
-0.682674
0.122906
0.0899348
0.250314
-0.690659
0.126707
0.0914742
0.272211
-0.705919
0.130177
0.0918581
0.29479
-0.726293
0.133567
0.0900448
0.317947
-0.749646
0.13695
0.0833262
0.341366
-0.775625
0.140504
0.0706028
0.364591
-0.802909
0.14429
0.0544515
0.387368
-0.831605
0.148469
0.0356408
0.409601
-0.861166
0.153155
0.0145602
0.431365
-0.891081
0.158595
-0.0091018
0.452564
-0.919738
0.165041
-0.0352652
0.472912
-0.947513
0.172547
-0.0646567
0.49213
-0.974172
0.181647
-0.0976324
0.509305
-0.998888
0.193305
-0.135031
0.522935
-1.56479
0.212597
-0.175914
0.52945
0.196851
0.579858
0.180706
0.630347
0.153233
0.680271
0.122288
0.730344
0.0903179
0.780985
-1.54066
0.239674
-1.47245
0.278071
-1.347
0.331538
-1.10999
0.408561
0.357949
1.13565
0.407769
0.922856
0.453156
-0.739853
0.65231
0.518087
-0.0269755
0.131111
0.018959
-0.00540853
-0.00909094
0.12851
0.0350968
0.0151488
-0.0196854
0.124703
0.0478383
0.0348297
-0.0316946
0.119224
0.0573338
0.0538484
-0.0490989
0.112207
0.0632488
0.072101
-0.0680038
0.102157
0.0669812
0.0897554
-0.102812
0.0877829
0.0696511
0.107137
-0.173088
0.0642924
0.0712309
0.124414
-0.417456
0.0283188
0.0727863
0.141795
-0.927016
0.0818366
0.074468
0.159505
-0.771647
0.0986302
0.0763288
0.177666
-0.709797
0.107097
0.0784436
0.196415
-0.685835
0.112631
0.0808413
0.215815
-0.681267
0.116849
0.0831264
0.235928
-0.688161
0.120448
0.0850189
0.256742
-0.703047
0.123697
0.0858081
0.278227
-0.723083
0.126927
0.0845491
0.300281
-0.746325
0.130128
0.0786141
0.322631
-0.772029
0.133488
0.0671237
0.344855
-0.799612
0.137084
0.0522754
0.366714
-0.828119
0.141043
0.0349193
0.388107
-0.857849
0.145467
0.0151412
0.408948
-0.888165
0.150606
-0.00689575
0.429193
-0.918282
0.156703
-0.031529
0.44875
-0.945884
0.163829
-0.0588329
0.467147
-0.973464
0.172397
-0.0893205
0.483745
-1.00118
0.183469
-0.122849
0.497216
-1.57367
0.201644
-0.158099
0.505036
-1.55484
0.227283
-0.186595
0.504013
0.212161
0.555253
0.221347
0.611909
0.199146
0.666799
0.16672
0.720208
0.132427
0.773619
-1.497
0.26376
-1.38314
0.314563
-1.16613
0.387639
-0.823666
0.492
0.402836
0.853629
0.477008
0.560053
0.545324
-0.281375
0.1563
0.641904
-0.00803503
0.12202
0.0178729
0.0117771
-0.00962177
0.118398
0.0322256
0.0307267
-0.0207866
0.113163
0.0431538
0.0489891
-0.0356818
0.10651
0.0505915
0.0664921
-0.0526183
0.0969008
0.0556672
0.083397
-0.0838018
0.0831239
0.0593724
0.100012
-0.145434
0.0600231
0.0618582
0.11649
-0.374498
0.0210961
0.0641251
0.133055
-0.976322
0.0778501
0.0663221
0.149915
-0.783902
0.0940075
0.0686027
0.167197
-0.713082
0.101947
0.0710577
0.18502
-0.685868
0.107151
0.0737546
0.203477
-0.679714
0.111116
0.0763184
0.222601
-0.685907
0.114476
0.0785214
0.242391
-0.700182
0.117545
0.079706
0.262827
-0.720025
0.120593
0.0789164
0.283828
-0.742975
0.1236
0.0737616
0.305141
-0.768818
0.126811
0.0633188
0.326392
-0.796216
0.130195
0.0498202
0.347326
-0.825178
0.133932
0.0337376
0.36783
-0.855301
0.138133
0.0154296
0.387846
-0.886164
0.143009
-0.00530735
0.407284
-0.916048
0.148803
-0.0282639
0.425983
-0.945264
0.155506
-0.0537737
0.443615
-0.973799
0.163572
-0.0817007
0.459614
-1.00224
0.174045
-0.11203
0.472857
-1.58053
0.191243
-0.142464
0.481705
-1.56936
0.215574
-0.165922
0.484277
-1.5191
0.249931
-0.156386
0.490292
0.170242
0.522681
0.244595
0.583046
0.25022
0.647305
0.218652
0.706554
0.180373
0.763149
-1.41789
0.298316
-1.2193
0.367842
-0.902626
0.466971
-0.3998
0.609509
0.473403
0.463344
0.573684
0.025083
0.675799
0.290967
-0.460077
0.80967
0.00983104
0.112393
0.0163131
0.0276835
-0.0104527
0.107409
0.0288886
0.0449977
-0.0230081
0.101084
0.0379191
0.0616608
-0.0386037
0.0919147
0.0443701
0.0777742
-0.0657636
0.0787494
0.0491419
0.0936027
-0.118497
0.0561484
0.0525338
0.109304
-0.328727
0.0142327
0.0555188
0.125065
-1.02955
0.0742643
0.0582457
0.14111
-0.795637
0.0896435
0.0609563
0.157555
-0.716245
0.0970635
0.063743
0.174509
-0.68593
0.101909
0.0667079
0.192053
-0.678314
0.105613
0.0695296
0.210239
-0.683557
0.108778
0.0720352
0.229065
-0.697502
0.111673
0.0735515
0.248511
-0.717105
0.114539
0.0732463
0.268492
-0.739913
0.11742
0.0687539
0.288805
-0.765533
0.120441
0.0593869
0.309093
-0.793164
0.123644
0.0470469
0.32911
-0.821942
0.127186
0.0323325
0.348752
-0.85221
0.131155
0.015263
0.367919
-0.883442
0.135769
-0.00393928
0.386523
-0.914737
0.141241
-0.0254702
0.404412
-0.943667
0.147595
-0.049068
0.421355
-0.972921
0.155182
-0.0749494
0.436785
-1.00419
0.165036
-0.1022
0.4499
-1.58847
0.181405
-0.12909
0.459416
-1.58196
0.204379
-0.148414
0.46435
-1.54107
0.237077
-0.142576
0.470374
-1.45054
0.282912
-0.12378
0.476067
0.13816
0.510658
0.182154
0.538685
0.288989
0.614001
0.283535
0.687225
0.237979
0.749852
-1.26992
0.348851
-0.978221
0.443166
-0.511305
0.578455
0.129748
0.768687
0.57453
-0.112609
0.711131
-0.637963
0.852559
0.948118
-1.1721
1.03202
0.0261366
0.101944
0.0144619
0.0420879
-0.0109167
0.0959311
0.0251825
0.0577038
-0.0252182
0.0871934
0.0330623
0.0729379
-0.0479201
0.0746396
0.0389502
0.0879391
-0.0922794
0.0526266
0.0432744
0.102835
-0.280386
0.0078037
0.0469843
0.117815
-1.08602
0.0709658
0.0502306
0.133056
-0.806946
0.0854909
0.0533658
0.148674
-0.719013
0.0924174
0.0564907
0.164782
-0.68581
0.0969389
0.0597316
0.181467
-0.676792
0.100415
0.062805
0.198762
-0.68142
0.103371
0.0655697
0.216671
-0.694869
0.106079
0.0674307
0.235167
-0.714269
0.108809
0.0675309
0.254195
-0.73689
0.111516
0.063718
0.273544
-0.762573
0.114367
0.0552704
0.292879
-0.790057
0.117423
0.0441475
0.312007
-0.819291
0.120775
0.0305747
0.330792
-0.849941
0.124527
0.0149262
0.349121
-0.881676
0.128893
-0.00302652
0.366925
-0.912626
0.134092
-0.0229278
0.384052
-0.943091
0.140075
-0.044978
0.400243
-0.973156
0.147202
-0.0685706
0.41508
-1.00508
0.156616
-0.0935181
0.428029
-1.59442
0.171885
-0.117023
0.437976
-1.59488
0.193752
-0.133495
0.444424
-1.56072
0.224568
-0.12904
0.450986
-1.48178
0.268143
-0.10998
0.456467
-1.31764
0.330714
-0.0836071
0.453771
0.106078
0.496639
0.152049
0.53151
0.189378
0.54904
0.353957
0.651477
0.319279
0.7329
-1.04943
0.420463
-0.618038
0.548961
-0.0206596
0.729436
0.733756
0.979237
0.720937
-0.824503
0.897296
-1.40948
1.08747
1.33762
-1.60257
0.0405941
0.0910249
0.012479
0.0547843
-0.0125371
0.0827275
0.0218131
0.0689549
-0.0309845
0.0707572
0.0288511
0.0830302
-0.0679046
0.0494361
0.0341113
0.0970746
-0.229617
0.00169727
0.0385338
0.111257
-1.14628
0.0679908
0.0423287
0.125695
-0.81753
0.0816078
0.0458959
0.140515
-0.721607
0.0879928
0.0493423
0.155814
-0.685664
0.0921983
0.0528322
0.171667
-0.675397
0.0954195
0.0561413
0.188104
-0.679229
0.0982025
0.0591716
0.205138
-0.692378
0.100764
0.0613298
0.222739
-0.711656
0.103332
0.0618667
0.240833
-0.734051
0.105883
0.0586323
0.259246
-0.759549
0.108609
0.0511435
0.277689
-0.787288
0.1115
0.0410322
0.29593
-0.816309
0.11466
0.0287469
0.313863
-0.847042
0.118197
0.0142511
0.33139
-0.87914
0.122328
-0.00225176
0.348405
-0.911453
0.127251
-0.0208504
0.364777
-0.941573
0.132925
-0.0411283
0.380302
-0.972151
0.13962
-0.0630705
0.394668
-1.00696
0.148564
-0.0855298
0.407217
-1.60151
0.163114
-0.106555
0.417477
-1.60613
0.183733
-0.120341
0.424989
-1.58035
0.212913
-0.116627
0.431923
-1.51106
0.25422
-0.0964156
0.437614
-1.36324
0.313636
-0.0641661
0.436879
-1.11764
0.39871
-0.00204523
0.435086
0.0209034
0.470519
0.132065
0.518701
0.164923
0.553437
0.185018
0.547649
0.457788
0.703169
-0.718292
0.520785
-0.165541
0.69221
0.536351
0.928775
1.08273
0.922267
-1.65897
1.14598
-1.88622
0.0530677
0.0784899
0.0107067
0.0658686
-0.0148419
0.067103
0.0188824
0.0788852
-0.044441
0.046551
0.0250774
0.0920239
-0.175434
-0.00394806
0.0302307
0.105357
-1.20958
0.0652966
0.0345625
0.119007
-0.827499
0.0778835
0.038547
0.133025
-0.723783
0.083762
0.0423106
0.147529
-0.68538
0.0876817
0.0460644
0.162569
-0.673889
0.0907063
0.049597
0.178204
-0.677214
0.0933005
0.0528533
0.1944
-0.689969
0.0956933
0.0553295
0.211128
-0.709019
0.0981383
0.0562286
0.228344
-0.731303
0.10056
0.0536128
0.245865
-0.756879
0.103122
0.0469203
0.263421
-0.784451
0.10585
0.0379303
0.280807
-0.813875
0.108834
0.0266845
0.297917
-0.845001
0.112195
0.0135153
0.314636
-0.877556
0.116097
-0.00181722
0.33088
-0.909457
0.120764
-0.0188816
0.346525
-0.941024
0.126125
-0.0378093
0.361391
-0.972322
0.132411
-0.0578327
0.375181
-1.00775
0.140902
-0.078482
0.387531
-1.60663
0.154579
-0.0970783
0.397879
-1.61759
0.174017
-0.109013
0.406055
-1.59789
0.201794
-0.104871
0.413413
-1.5393
0.24099
-0.084127
0.419532
-1.40616
0.297217
-0.0465795
0.420197
-1.18168
0.378098
0.0166831
0.417934
-0.814515
0.493896
0.329471
-0.30866
0.414276
0.452672
0.0385571
0.486753
0.164093
0.542994
0.175388
0.577475
0.155253
0.520781
-0.300502
0.65667
0.344168
0.881078
0.84962
1.19452
-2.18498
0.0637661
0.0636454
0.00918483
0.0755365
-0.0220608
0.0439484
0.016279
0.087651
-0.118951
-0.00922253
0.0221143
0.100111
-1.27649
0.0628267
0.0269702
0.112922
-0.836496
0.0743491
0.0313807
0.126151
-0.725742
0.0797536
0.035444
0.139874
-0.685041
0.0833667
0.039437
0.154137
-0.672521
0.0861985
0.0431768
0.168971
-0.675186
0.0886165
0.0466791
0.184363
-0.687651
0.0908782
0.0494047
0.200295
-0.706676
0.093177
0.0506996
0.216655
-0.728697
0.0954567
0.0486001
0.233318
-0.754108
0.0978898
0.0427883
0.25001
-0.781885
0.100469
0.0347065
0.266574
-0.811134
0.103318
0.0246404
0.282877
-0.842325
0.106488
0.0125241
0.298825
-0.875235
0.110184
-0.00142983
0.314315
-0.908471
0.11461
-0.0173166
0.329249
-0.939637
0.119684
-0.0346184
0.343446
-0.971219
0.12556
-0.05323
0.356709
-1.00945
0.133595
-0.0718624
0.368685
-1.61276
0.146414
-0.0886966
0.379044
-1.62739
0.165048
-0.0986248
0.387649
-1.61552
0.191191
-0.0943762
0.395449
-1.56547
0.228381
-0.0724408
0.40193
-1.44701
0.281706
-0.0309919
0.403811
-1.24308
0.35845
0.0357561
0.40132
-0.904675
0.468411
0.350918
0.39666
-0.430794
0.622736
-0.288215
0.432359
0.373641
-0.353213
0.393931
0.470961
0.0544816
0.5014
0.205769
0.571086
0.181858
0.607484
0.0685824
0.167438
0.835674
0.622351
0.0729428
0.0415867
0.00785606
0.0839309
-0.0601213
-0.0141349
0.0143177
0.0954381
-1.34596
0.0605567
0.0196811
0.107415
-0.844766
0.0710222
0.0244412
0.11985
-0.727381
0.0759361
0.0287819
0.1328
-0.68461
0.0792732
0.0329989
0.146304
-0.671046
0.0818969
0.0369425
0.160377
-0.673258
0.084183
0.0406275
0.175008
-0.685453
0.0862856
0.0436306
0.190135
-0.704233
0.0884763
0.0452673
0.205696
-0.726211
0.0906406
0.0437343
0.221529
-0.751657
0.0929341
0.0386376
0.237409
-0.779302
0.0953734
0.0315674
0.253156
-0.808966
0.0980577
0.0224508
0.268683
-0.840507
0.101035
0.0115737
0.283864
-0.87386
0.104558
-0.00130765
0.29863
-0.906613
0.108742
-0.0157681
0.312858
-0.939152
0.113536
-0.0318686
0.326432
-0.971314
0.119066
-0.0488059
0.339138
-1.01015
0.12669
-0.0660034
0.350745
-1.61722
0.138935
-0.0809085
0.361017
-1.63793
0.156386
-0.0895992
0.369901
-1.63117
0.181225
-0.0846003
0.378036
-1.59075
0.216336
-0.0621122
0.384991
-1.4855
0.266927
-0.0167491
0.387858
-1.30078
0.3398
0.0540937
0.385259
-0.99146
0.444075
0.372604
0.379561
-0.551846
0.59061
0.394366
0.376132
-0.00527501
0.792353
-0.268363
0.451081
-0.332906
0.412191
0.40748
-0.389033
0.375491
0.48994
0.0658707
0.51299
0.263957
0.605972
0.18341
0.652588
0.414725
0.0807943
-0.0185352
0.00689931
0.0913313
-1.41879
0.0585126
0.0126795
0.102423
-0.852001
0.0678377
0.0177563
0.114056
-0.728687
0.0722693
0.022373
0.126245
-0.684064
0.0753761
0.0267803
0.139008
-0.669696
0.0778143
0.0308898
0.152345
-0.67141
0.0799434
0.0347638
0.166229
-0.683304
0.0819373
0.037998
0.18062
-0.702158
0.0840014
0.0399852
0.195412
-0.723799
0.0860212
0.0389222
0.210452
-0.749135
0.0882023
0.0346257
0.225539
-0.776967
0.090528
0.0283876
0.240514
-0.806452
0.0930546
0.0203553
0.25527
-0.837997
0.0958863
0.0104535
0.269719
-0.871763
0.0992042
-0.00115155
0.283772
-0.905728
0.103164
-0.0145403
0.29733
-0.937874
0.107721
-0.0291677
0.310268
-0.97014
0.112879
-0.0449046
0.32244
-1.01176
0.120142
-0.0604007
0.333653
-1.62281
0.131641
-0.0740573
0.343768
-1.6464
0.148155
-0.0812139
0.352776
-1.64687
0.171608
-0.0760211
0.361183
-1.61403
0.205002
-0.0524365
0.368559
-1.52223
0.252925
-0.00424683
0.372334
-1.35605
0.322084
0.0723329
0.369825
-1.07241
0.420954
0.394993
0.363008
-0.669081
0.559984
0.41504
0.35886
-0.163751
0.751439
0.425942
0.357825
0.211388
-0.2487
0.470362
-0.312916
0.431077
-0.370415
0.393673
0.435244
-0.419173
0.359317
0.510022
0.0689379
0.518211
0.351763
0.65324
0.0876914
-1.4948
0.0577015
0.00608737
0.0979089
-0.858333
0.0647846
0.0114242
0.10873
-0.72975
0.0688153
0.0162505
0.120164
-0.683523
0.071658
0.020802
0.132208
-0.668261
0.0739356
0.0250715
0.144825
-0.669619
0.0759335
0.0290887
0.158019
-0.681303
0.0777826
0.0325562
0.171683
-0.699869
0.0797424
0.0348284
0.185739
-0.721542
0.081668
0.0343062
0.200024
-0.746902
0.0837215
0.0306611
0.214351
-0.774614
0.0859091
0.0253497
0.228573
-0.804495
0.0883092
0.0181861
0.242601
-0.836422
0.090971
0.00942541
0.25633
-0.870558
0.0941046
-0.00120564
0.269691
-0.90401
0.0978806
-0.0132773
0.28259
-0.937467
0.10218
-0.0268428
0.294918
-0.97022
0.107022
-0.0410841
0.306548
-1.01241
0.113909
-0.0554427
0.317347
-1.62653
0.124744
-0.067575
0.327265
-1.65573
0.140395
-0.0739072
0.336307
-1.66083
0.162637
-0.0680078
0.344899
-1.63689
0.194314
-0.0441076
0.352673
-1.55693
0.239736
0.00714619
0.357309
-1.40795
0.305219
0.089523
0.354927
-1.15069
0.399069
0.417671
0.347021
-0.777768
0.530863
0.43605
0.342151
-0.319202
0.712491
0.444019
0.340739
0.0258342
0.451206
0.342009
-0.228677
0.490028
-0.292921
0.450442
-0.351914
0.41254
-0.402598
0.377219
0.46087
-0.446559
0.345197
0.532527
0.0546504
0.510289
0.0937747
-0.155348
-1.42698
0.0873575
-0.864098
0.0634921
0.00549696
0.103814
-0.730493
0.0654899
0.0104539
0.114524
-0.682809
0.0681026
0.0151428
0.125858
-0.666918
0.0702305
0.0195064
0.137782
-0.667925
0.0720845
0.0236358
0.150294
-0.679299
0.0738542
0.0272826
0.163278
-0.698005
0.0756843
0.0298593
0.17664
-0.719336
0.0775127
0.0297922
0.190196
-0.744617
0.0794439
0.0268718
0.203793
-0.772482
0.08153
0.0223245
0.21729
-0.802197
0.0837905
0.0161552
0.230607
-0.834092
0.086316
0.00829801
0.243644
-0.868653
0.0892829
-0.00115865
0.256338
-0.903303
0.0928541
-0.0122636
0.268594
-0.936324
0.0969406
-0.0244803
0.280332
-0.969031
0.101461
-0.0377233
0.291448
-1.01391
0.108008
-0.0505952
0.301816
-1.63154
0.118251
-0.0618475
0.311475
-1.66326
0.133088
-0.0669679
0.32046
-1.67506
0.154139
-0.0610454
0.32918
-1.65765
0.183984
-0.036326
0.337316
-1.58984
0.227062
0.0168427
0.342799
-1.45747
0.289206
0.106377
0.340662
-1.22338
0.378209
0.441192
0.331511
-0.883155
0.503225
0.456984
0.326025
-0.461358
0.675502
0.462036
0.324265
-0.156384
0.466527
0.325319
0.474439
0.328332
-0.206214
0.510115
-0.273031
0.470178
-0.333372
0.431953
-0.385994
0.395846
-0.432097
0.362665
0.486361
-0.473943
0.332748
0.560192
0.00476505
0.0992703
-0.124996
-0.0307117
-0.159309
-1.35967
0.092073
-0.859156
0.082326
-0.73104
0.0639225
0.00502646
0.109235
-0.682145
0.0647367
0.0097716
0.119903
-0.665535
0.0666994
0.014169
0.131154
-0.666218
0.0684521
0.0183822
0.143027
-0.677473
0.0700861
0.0222212
0.155357
-0.695858
0.0718385
0.0250357
0.168063
-0.717311
0.0735541
0.0254863
0.180925
-0.742539
0.0754039
0.0231647
0.193829
-0.770352
0.077371
0.0194751
0.206624
-0.800447
0.0795048
0.0141068
0.219258
-0.832743
0.0818769
0.00729731
0.231633
-0.86766
0.0847031
-0.00126533
0.243666
-0.901737
0.0880727
-0.0111745
0.255317
-0.93601
0.0919512
-0.0224456
0.266462
-0.969081
0.0961627
-0.0343696
0.277061
-1.01454
0.102415
-0.0462926
0.287005
-1.63477
0.112118
-0.0563534
0.296393
-1.67168
0.126038
-0.0609138
0.305256
-1.68735
0.145896
-0.0545134
0.314042
-1.67796
0.174282
-0.0298259
0.322488
-1.62091
0.215066
0.0255011
0.328769
-1.50409
0.274022
0.12186
0.327012
-1.29401
0.358403
0.465175
0.316535
-0.98065
0.477006
0.478213
0.310401
-0.60135
0.640429
0.479573
0.308404
-0.322195
0.481621
0.309297
0.487785
0.312137
0.498466
0.316377
-0.175709
0.529714
-0.253244
0.490385
-0.315029
0.451871
-0.369056
0.4151
-0.417062
0.380917
-0.460918
0.349748
0.513552
-0.502576
0.321688
0.622331
0.104298
-0.120104
-0.00433109
-0.131633
-0.058675
-0.16384
-1.29467
0.0986602
-0.85309
0.0860228
-0.728378
0.0796552
-0.681262
0.0630831
0.00471727
0.1143
-0.664241
0.0633533
0.00916661
0.124913
-0.66472
0.0649812
0.0134595
0.136173
-0.675607
0.0665332
0.0173933
0.147878
-0.694215
0.0681891
0.020432
0.159953
-0.715262
0.069804
0.0213296
0.172159
-0.740492
0.0715436
0.0196647
0.18439
-0.768416
0.0734108
0.0167041
0.19652
-0.798334
0.0754225
0.0122221
0.208494
-0.830589
0.0776777
0.00623859
0.220226
-0.865977
0.080353
-0.00122242
0.231643
-0.901109
0.0835448
-0.0102905
0.242698
-0.935011
0.0872147
-0.0202977
0.253282
-0.967898
0.0911609
-0.0313953
0.263387
-1.01597
0.0970762
-0.0419753
0.272882
-1.63929
0.106221
-0.051437
0.28197
-1.67807
0.119401
-0.055022
0.290661
-1.70014
0.138322
-0.0488615
0.299466
-1.69653
0.165157
-0.0237037
0.308162
-1.6506
0.203803
0.0325875
0.315264
-1.54865
0.259644
0.136891
0.313982
-1.3593
0.339688
0.490201
0.302084
-1.07548
0.452107
0.499341
0.295342
-0.728978
0.607137
0.496956
0.293131
-0.485641
0.496001
0.293915
0.500354
0.296611
0.509842
0.300674
0.524236
0.305806
0.597205
-0.234318
0.510815
-0.296988
0.472395
-0.352113
0.434931
-0.401781
0.399818
-0.447514
0.367533
-0.490922
0.338213
0.543507
-0.53349
0.311814
0.109016
-0.120471
-0.000443346
-0.126569
-0.0092263
-0.138536
-0.084267
-0.168543
-1.23178
0.105562
-0.845811
0.091289
-0.72536
0.0828743
-0.678984
0.0772734
-0.662874
0.0616925
0.00444061
0.119033
-0.663112
0.0616943
0.00872776
0.129692
-0.673954
0.0631359
0.0126876
0.1408
-0.69219
0.0646973
0.0159395
0.152302
-0.713448
0.0662465
0.0173316
0.163884
-0.738596
0.0679005
0.0162833
0.175467
-0.766454
0.0696429
0.0141111
0.186949
-0.796783
0.0715651
0.0103611
0.198303
-0.82946
0.073684
0.00533914
0.209405
-0.865125
0.0761955
-0.00132758
0.22023
-0.899679
0.079232
-0.00932083
0.230711
-0.934783
0.082726
-0.0184771
0.240743
-0.968005
0.086401
-0.0284343
0.25036
-1.01658
0.0920551
-0.0381795
0.25941
-1.64208
0.100751
-0.0467375
0.268201
-1.68567
0.113143
-0.049953
0.276682
-1.71119
0.130962
-0.0435954
0.285448
-1.71493
0.156495
-0.01884
0.294332
-1.67849
0.193032
0.0385832
0.302212
-1.59044
0.245922
0.150292
0.301529
-1.42308
0.321874
0.51588
0.288111
-1.16296
0.428454
0.520657
0.280837
-0.855095
0.575568
0.513731
0.278474
-0.634051
0.510074
0.279169
0.512683
0.281763
0.520937
0.285655
0.534237
0.290584
0.552841
0.296385
0.579106
-0.279558
0.49341
-0.335106
0.455447
-0.386116
0.419353
-0.433596
0.385996
-0.478874
0.355518
-0.523234
0.327866
0.576627
-0.567859
0.30292
0.113461
-0.121897
0.00126015
-0.126964
-0.000798599
-0.133361
-0.014039
-0.145711
-0.107152
-0.173438
-1.1713
0.112777
-0.83708
0.0968727
-0.721702
0.087685
-0.676332
0.0803049
-0.660651
0.0749335
-0.661748
0.0600455
0.00426814
0.123539
-0.672188
0.0599241
0.00824
0.134116
-0.690761
0.0614137
0.0117422
0.14506
-0.711564
0.0628579
0.0135545
0.156028
-0.736746
0.0644035
0.0131168
0.167016
-0.764684
0.0660723
0.0116315
0.177875
-0.794882
0.0678829
0.00866023
0.18862
-0.827478
0.0698896
0.00442625
0.199132
-0.863624
0.0722858
-0.00123331
0.20937
-0.899185
0.0751514
-0.00848363
0.21932
-0.933931
0.0784573
-0.0164444
0.228818
-0.9669
0.081896
-0.0257486
0.237979
-1.0179
0.0872652
-0.0342123
0.24658
-1.64619
0.0953905
-0.0424633
0.255058
-1.69129
0.107326
-0.0448153
0.263287
-1.72271
0.124119
-0.0389837
0.271975
-1.73141
0.148236
-0.0140416
0.280986
-1.70503
0.182865
0.0431887
0.289659
-1.6304
0.233103
0.163113
0.289731
-1.48166
0.30499
0.542921
0.274592
-1.24819
0.406067
0.541863
0.266856
-0.969606
0.545604
0.530312
0.264381
-0.780732
0.523396
0.26506
0.52415
0.267542
0.531238
0.27132
0.543918
0.276048
0.561872
0.281624
0.58516
0.287907
0.560026
-0.318199
0.476526
-0.370217
0.439605
-0.419265
0.405097
-0.466275
0.373513
-0.512306
0.344711
-0.558441
0.318577
0.6133
-0.605443
0.29499
0.117727
-0.124111
0.00219548
-0.128452
0.002183
-0.133786
-0.000903663
-0.14047
-0.0194579
-0.153137
-0.127573
-0.178553
-1.11326
0.120307
-0.82716
0.102788
-0.717757
0.0927528
-0.673595
0.0848069
-0.658146
0.0778449
-0.659558
0.0727068
-0.670666
0.058306
0.00400631
0.127748
-0.688854
0.0582685
0.00767188
0.138183
-0.709932
0.0596295
0.00985993
0.148586
-0.734952
0.0611126
0.0100691
0.158986
-0.762901
0.062692
0.00932435
0.169251
-0.793529
0.0644083
0.00703429
0.179431
-0.826535
0.0662771
0.00365917
0.189382
-0.862961
0.0685578
-0.00125459
0.199059
-0.897922
0.0712602
-0.00760758
0.208481
-0.933811
0.0744136
-0.0147055
0.217465
-0.967059
0.0776118
-0.0231413
0.226182
-1.01847
0.0827306
-0.0307253
0.234344
-1.64843
0.0904079
-0.0384553
0.24251
-1.69819
0.101535
-0.0403976
0.250458
-1.73252
0.117637
-0.0347855
0.259052
-1.74793
0.140383
-0.0104026
0.268121
-1.72996
0.173128
0.0465644
0.277554
-1.66796
0.2207
0.173996
0.278516
-1.53919
0.288979
0.570959
0.261575
-1.32665
0.384765
0.563078
0.253378
-1.08325
0.517206
0.546187
0.250858
-0.913447
0.536318
0.251528
0.535437
0.253983
0.541339
0.25759
0.552953
0.262187
0.570344
0.267531
0.593138
0.27355
0.621
0.280339
0.540681
-0.354123
0.460456
-0.404555
0.424967
-0.453216
0.392153
-0.50102
0.362238
-0.548758
0.334968
-0.596937
0.31026
0.653501
-0.646664
0.2879
0.121733
-0.126151
0.00197853
-0.130776
0.00461376
-0.135341
0.00357585
-0.140948
-0.00094866
-0.147934
-0.0246332
-0.160853
-0.145166
-0.183932
-1.05777
0.128185
-0.81586
0.109048
-0.712999
0.098117
-0.670334
0.0896115
-0.655605
0.0821486
-0.65752
0.0755048
-0.668573
0.0705784
-0.687539
0.0566764
0.00374904
0.13166
-0.708146
0.0565789
0.0063551
0.141542
-0.73332
0.0579704
0.00730544
0.151378
-0.761332
0.059466
0.00717964
0.161073
-0.791802
0.0610746
0.00555787
0.170702
-0.824729
0.0628597
0.00290947
0.180106
-0.861665
0.065011
-0.00109649
0.189249
-0.897457
0.0675924
-0.00683314
0.198192
-0.933119
0.0705781
-0.0128178
0.206668
-0.966075
0.0735598
-0.0207693
0.214975
-1.01973
0.0784395
-0.0271214
0.222677
-1.65228
0.0857451
-0.0347932
0.230552
-1.70311
0.0963722
-0.0359334
0.238184
-1.7429
0.111335
-0.0311374
0.246655
-1.76235
0.132976
-0.00686879
0.255713
-1.7539
0.164136
0.0486543
0.265867
-1.70376
0.209133
0.183778
0.267902
-1.59169
0.273822
0.600488
0.248992
-1.40322
0.364588
0.584082
0.24046
-1.18613
0.490261
0.561772
0.237941
-1.04511
0.548475
0.238637
0.545794
0.240989
0.550665
0.244502
0.561678
0.248924
0.578493
0.254092
0.600851
0.259853
0.628105
0.266338
0.66045
0.273564
0.521798
-0.389515
0.445445
-0.439727
0.41157
-0.489197
0.380442
-0.538506
0.352094
-0.588346
0.326302
-0.63902
0.302855
0.697307
-0.6914
0.28173
0.125475
-0.1286
0.0021605
-0.132897
0.00418218
-0.137779
0.00703975
-0.142581
0.00496055
-0.148483
-0.000641023
-0.155742
-0.0295953
-0.168864
-0.160147
-0.189547
-1.00431
0.136344
-0.803366
0.115689
-0.707957
0.10379
-0.667138
0.0946639
-0.65253
0.0867395
-0.655
0.0796717
-0.666527
0.0732747
-0.685399
0.0687012
-0.706684
0.0550406
0.00301664
0.134854
-0.731654
0.0550106
0.00466895
0.14415
-0.759673
0.0564006
0.00510742
0.153294
-0.790625
0.0579402
0.00414243
0.162403
-0.82397
0.0596202
0.00227054
0.171288
-0.861108
0.0616553
-0.0009708
0.179913
-0.896379
0.064087
-0.0059924
0.188399
-0.933066
0.0669194
-0.0110501
0.196384
-0.966325
0.0697158
-0.0183544
0.204299
-1.02027
0.0743478
-0.0237217
0.211558
-1.65403
0.0810987
-0.0311803
0.219142
-1.70936
0.0911611
-0.0318751
0.226457
-1.75156
0.105548
-0.0276122
0.234779
-1.77724
0.125882
-0.00396161
0.243768
-1.77639
0.155407
0.0499742
0.254623
-1.73744
0.198099
0.191809
0.25781
-1.64375
0.259454
0.631484
0.236858
-1.47364
0.345517
0.605134
0.228048
-1.28857
0.464691
0.576597
0.225559
-1.16394
0.560083
0.226321
0.556092
0.228651
0.559827
0.232035
0.569828
0.23629
0.58614
0.241266
0.608068
0.246794
0.635049
0.252987
0.666711
0.259872
0.703535
0.267652
0.503785
-0.425859
0.43161
-0.476953
0.399398
-0.527905
0.36988
-0.579146
0.343035
-0.63144
0.318577
-0.684658
0.29642
0.744612
-0.739856
0.276548
0.12849
-0.130281
0.00140952
-0.135449
0.00415404
-0.139983
0.00617901
-0.145157
0.0093615
-0.150186
0.00642643
-0.156397
-0.000838639
-0.163917
-0.0348613
-0.177146
-0.173039
-0.19552
-0.954123
0.14489
-0.789824
0.122674
-0.702062
0.109812
-0.663186
0.100005
-0.649528
0.091558
-0.652671
0.0840723
-0.66416
0.0773027
-0.683707
0.0712837
-0.704646
0.0667997
-0.730156
0.0534834
0.00222449
0.13726
-0.758275
0.0535004
0.00321153
0.145899
-0.789093
0.054944
0.00296851
0.154514
-0.822358
0.0565237
0.001699
0.162904
-0.860016
0.0584763
-0.000908006
0.171036
-0.896015
0.060787
-0.00532036
0.179086
-0.932511
0.0634786
-0.00965071
0.186594
-0.96551
0.0660723
-0.0163417
0.194145
-1.02141
0.0704962
-0.0210258
0.200956
-1.65765
0.0770594
-0.0281637
0.20827
-1.71353
0.086388
-0.028555
0.215243
-1.76104
0.100032
-0.0248658
0.223397
-1.79003
0.119388
-0.00257918
0.232255
-1.79788
0.147172
0.0495852
0.243751
-1.76945
0.187749
0.196786
0.248324
-1.69071
0.245767
0.663253
0.225102
-1.54246
0.327379
0.625657
0.216152
-1.38077
0.440479
0.590951
0.213741
-1.28213
0.571
0.214566
0.565325
0.216859
0.568143
0.220144
0.577615
0.224265
0.59335
0.22906
0.615033
0.234338
0.641448
0.240281
0.672986
0.24682
0.708866
0.254213
0.75004
0.26268
0.486834
-0.464319
0.419007
-0.516862
0.38843
-0.569608
0.360433
-0.623203
0.334987
-0.678124
0.311859
-0.734005
0.291029
0.795976
-0.792364
0.272514
0.130709
-0.131895
0.00162825
-0.137159
0.00351917
-0.142636
0.00679718
-0.147426
0.00929424
-0.1529
0.0122136
-0.158164
0.00887915
-0.164699
0.000140775
-0.172447
-0.0380144
-0.185721
-0.182511
-0.201761
-0.904313
0.153677
-0.775025
0.130096
-0.695584
0.116174
-0.659416
0.105662
-0.645842
0.0966669
-0.649746
0.0887136
-0.661734
0.081551
-0.681187
0.0752186
-0.70288
0.0693449
-0.728277
0.0650774
-0.756731
0.0520356
0.00146111
0.138862
-0.788088
0.0521151
0.00186163
0.147
-0.821777
0.0536166
0.00112887
0.154923
-0.859606
0.0554514
-0.000707892
0.162593
-0.895122
0.0576203
-0.00439832
0.170226
-0.932564
0.0601855
-0.00800698
0.177287
-0.96582
0.0626004
-0.0138533
0.184478
-1.02194
0.066812
-0.0179856
0.190882
-1.65916
0.0729234
-0.024444
0.197902
-1.71933
0.0819593
-0.0250635
0.204554
-1.7688
0.094682
-0.0215064
0.212494
-1.80343
0.113029
-0.000758081
0.221219
-1.81789
0.139358
0.0498464
0.233275
-1.7998
0.177747
0.200704
0.239339
-1.73766
0.232881
0.698298
0.213795
-1.60563
0.310198
0.646819
0.204712
-1.47301
0.417536
0.604653
0.202448
-1.38837
0.581373
0.203392
0.5747
0.205641
0.576479
0.208802
0.584946
0.2128
0.600222
0.217414
0.621545
0.222489
0.647725
0.228135
0.678653
0.234389
0.714505
0.241409
0.754402
0.249444
0.80034
0.25881
0.471078
-0.505473
0.407652
-0.559683
0.378623
-0.614792
0.352073
-0.670957
0.32803
-0.72868
0.306268
-0.787623
0.286828
0.852393
-0.850079
0.269569
0.13217
-0.132708
0.000971855
-0.138823
0.00273888
-0.144409
0.0055366
-0.150202
0.00864379
-0.155268
0.0122536
-0.161052
0.0143472
-0.166565
0.0112512
-0.173397
-0.000441173
-0.181374
-0.0412008
-0.194613
-0.191242
-0.20839
-0.85813
0.16286
-0.759871
0.137874
-0.688392
0.122868
-0.654817
0.111649
-0.642183
0.102007
-0.647023
0.0936115
-0.658977
0.0860304
-0.679339
0.0793502
-0.700621
0.0731294
-0.726568
0.067559
-0.755277
0.0634793
-0.786697
0.0506836
0.000865838
0.139844
-0.820376
0.0508341
0.000625666
0.147323
-0.858721
0.0525701
-0.000615232
0.154547
-0.894746
0.0546444
-0.00356219
0.161784
-0.932142
0.0570667
-0.00680516
0.168442
-0.96516
0.0593296
-0.0116109
0.175267
-1.02302
0.0633604
-0.0157476
0.181298
-1.66247
0.0691064
-0.0210712
0.188009
-1.72278
0.0775952
-0.022367
0.194355
-1.77723
0.0897245
-0.018566
0.20206
-1.81456
0.107028
-0.000513523
0.210607
-1.83716
0.132104
0.0489813
0.2231
-1.82836
0.168393
0.201248
0.230904
-1.77971
0.220682
0.734893
0.202874
-1.66748
0.293903
0.666893
0.193813
-1.55568
0.395728
0.617177
0.191695
-1.49434
0.590937
0.192736
0.583001
0.194967
0.583989
0.198034
0.591836
0.201863
0.606518
0.206317
0.627832
0.211166
0.65353
0.216583
0.684316
0.222538
0.719312
0.229234
0.759379
0.236837
0.803563
0.24574
0.855773
0.255966
0.456574
-0.549462
0.39748
-0.605966
0.369931
-0.663588
0.344823
-0.722498
0.322194
-0.783587
0.301902
-0.846439
0.283794
0.913671
-0.912428
0.267762
0.133032
-0.133217
0.000116466
-0.139634
0.00186862
-0.146104
0.0038606
-0.152019
0.00757997
-0.158146
0.0105775
-0.163511
0.0152507
-0.169596
0.0165678
-0.175379
0.0137075
-0.182524
-0.000903716
-0.190715
-0.0440099
-0.203782
-0.197579
-0.215466
-0.814618
0.172331
-0.742799
0.14608
-0.679916
0.129972
-0.650046
0.117935
-0.638334
0.107706
-0.643845
0.0987907
-0.656203
0.0907538
-0.676515
0.083707
-0.698597
0.0771578
-0.724511
0.0712584
-0.753534
0.0659012
-0.785648
0.0620207
-0.819854
0.0494205
0.000185787
0.140091
-0.858347
0.0498552
-0.000573881
0.146913
-0.894081
0.0518153
-0.00267769
0.153741
-0.932262
0.0541244
-0.00558351
0.16002
-0.965556
0.056228
-0.00945325
0.166495
-1.02357
0.06004
-0.0135613
0.172187
-1.66361
0.0654051
-0.0178418
0.178581
-1.72822
0.0735472
-0.0197703
0.184642
-1.78404
0.0849671
-0.0158259
0.192057
-1.82676
0.10146
-0.00043813
0.20046
-1.85528
0.125146
0.0473317
0.21329
-1.85554
0.159538
0.199756
0.222948
-1.82219
0.209051
0.773825
0.19235
-1.72411
0.278563
0.68701
0.183338
-1.63864
0.375111
0.629515
0.181471
-1.58939
0.600319
0.182634
0.591093
0.184807
0.591215
0.187783
0.598251
0.191487
0.612581
0.195788
0.633671
0.200428
0.659198
0.205593
0.689418
0.211272
0.72444
0.217604
0.763287
0.224832
0.807451
0.233298
0.857986
0.243001
0.916098
0.254174
0.443213
-0.596906
0.388477
-0.655903
0.362431
-0.716376
0.338782
-0.778661
0.317663
-0.843725
0.298786
-0.909888
0.281977
0.978536
-0.978824
0.26714
0.18216
-0.724758
0.15474
-0.67124
0.137461
-0.644695
0.124619
-0.633782
0.113668
-0.640324
0.104238
-0.652983
0.0957476
-0.674543
0.0883026
-0.696068
0.0813847
-0.722588
0.0751647
-0.751948
0.0694925
-0.784132
0.0643877
-0.818478
0.0607178
-0.857697
0.048482
-0.893778
0.0491196
-0.931971
0.0513238
-0.965069
0.0532708
-1.02457
0.056934
-1.66691
0.06216
-1.73116
0.0696489
-1.79177
0.0805629
-1.83651
0.0961187
-1.87252
0.11854
-1.88076
0.151045
-1.85967
0.198022
-1.77969
0.263854
0.706421
0.173363
-1.71245
0.355497
0.64094
0.171716
-1.68436
0.608919
0.173004
0.598674
0.175167
0.598046
0.17805
0.604547
0.18161
0.617951
0.185754
0.639321
0.190192
0.664408
0.195129
0.694526
0.200512
0.728792
0.20655
0.76788
0.213416
0.810309
0.221458
0.861026
0.230664
0.917232
0.241234
0.979973
0.253441
0.431013
-0.64807
0.38072
-0.709896
0.356174
-0.773845
0.334112
-0.840073
0.314477
-0.908536
0.29697
-0.977565
0.281492
1.04435
-1.04693
0.269021
0.163823
-0.661921
0.145353
-0.638457
0.13167
-0.630252
0.119985
-0.636721
0.110013
-0.650246
0.10099
-0.671619
0.093161
-0.69379
0.0858609
-0.720285
0.0792797
-0.750042
0.0733179
-0.782918
0.0679152
-0.817839
0.0629961
-0.857204
0.0596838
-0.893288
0.0477505
-0.9322
0.0486582
-0.965513
0.0504939
-1.02518
0.0539499
-1.66786
0.0587256
-1.73599
0.0659219
-1.79775
0.0761916
-1.84749
0.0910138
-1.88853
0.112195
-1.9051
0.143124
-1.89803
0.187688
-1.83041
0.250004
-1.78687
0.336992
0.651784
0.162455
-1.76918
0.61722
0.163877
0.604761
0.165965
0.603137
0.16878
0.610145
0.172227
0.623183
0.176228
0.644555
0.180453
0.669572
0.185151
0.699138
0.190315
0.733409
0.196044
0.771399
0.202517
0.813845
0.210188
0.862949
0.218947
0.919381
0.228935
0.980045
0.240383
1.04303
0.255377
0.42005
-0.703337
0.374251
-0.768712
0.351336
-0.836697
0.330854
-0.906205
0.312677
-0.977746
0.296604
-1.0482
0.283597
1.76619
-1.77253
0.273608
0.153691
-0.631729
0.139087
-0.626148
0.126667
-0.63149
0.116074
-0.64649
0.106554
-0.66885
0.0982859
-0.690968
0.0905361
-0.718123
0.0836208
-0.748264
0.0773302
-0.781278
0.0716371
-0.816314
0.0664652
-0.856511
0.0619712
-0.892791
0.0588798
-0.932051
0.0473047
-0.965175
0.0478435
-1.02612
0.0511596
-1.67095
0.0557325
-1.73849
0.0625808
-1.80492
0.072282
-1.85583
0.0861372
-1.90411
0.106422
-1.92761
0.135666
-1.93148
0.177793
-1.88037
0.236889
-1.85299
0.319455
-1.85417
0.62496
0.155152
0.610567
0.157253
0.608954
0.160002
0.616923
0.163302
0.628261
0.167168
0.649679
0.171204
0.674269
0.175691
0.703684
0.180592
0.737343
0.186044
0.775732
0.192179
0.816394
0.199481
0.865698
0.207766
0.920439
0.217248
0.981601
0.227966
1.04038
0.24232
1.7631
0.259511
0.410342
-0.763615
0.369268
-0.833101
0.348057
-0.904269
0.329083
-0.976921
0.312456
-1.05089
0.298703
-1.77587
0.288302
1.92853
-1.94094
0.284577
0.146914
-0.621652
0.133711
-0.62741
0.122449
-0.644527
0.112383
-0.666035
0.103664
-0.688385
0.0955227
-0.715546
0.0882038
-0.746206
0.0815794
-0.77985
0.0755586
-0.815435
0.0701047
-0.855848
0.0653583
-0.892331
0.061137
-0.932147
0.0583475
-0.965714
0.0464971
-1.02677
0.0484802
-1.6718
0.0527974
-1.74322
0.0592799
-1.81031
0.0684967
-1.86585
0.0817086
-1.91848
0.100634
-1.94933
0.128432
-1.96562
0.168336
-1.92578
0.224469
-1.91963
0.302744
-1.92984
0.615889
0.148989
0.613765
0.151676
0.621849
0.154813
0.632629
0.158577
0.654408
0.162403
0.678933
0.16669
0.707854
0.171348
0.741502
0.176514
0.778768
0.182315
0.819536
0.189264
0.867452
0.197147
0.922369
0.206156
0.981784
0.216153
1.03885
0.229848
1.75811
0.24604
1.91914
0.269751
0.402112
-0.829689
0.365979
-0.902165
0.346334
-0.976677
0.32898
-1.05265
0.314827
-1.78245
0.304113
-1.95119
0.299816
2.12528
-2.14617
0.30371
0.141147
-0.623368
0.129197
-0.640764
0.118541
-0.661407
0.10936
-0.68524
0.100733
-0.713205
0.0930231
-0.744182
0.086016
-0.778063
0.0796953
-0.813644
0.0739408
-0.855007
0.0689674
-0.891669
0.0644956
-0.9319
0.0605551
-0.965259
0.0575188
-1.02781
0.0471126
-1.67509
0.0501614
-1.7453
0.056168
-1.81692
0.0649154
-1.87291
0.0773311
-1.93245
0.0954793
-1.96902
0.121649
-1.99543
0.159688
-1.97084
0.212618
-1.97837
0.286907
-2.00581
0.61852
0.143792
0.627237
0.146779
0.638278
0.150427
0.659119
0.154059
0.68312
0.158142
0.711928
0.162568
0.745024
0.167488
0.782905
0.172972
0.821872
0.179588
0.869939
0.187064
0.923268
0.195584
0.983581
0.204943
1.03627
0.217962
1.75549
0.233164
1.90806
0.255774
2.10776
0.287914
0.395647
-0.900362
0.364318
-0.976337
0.346399
-1.05473
0.331216
-1.78676
0.320238
-1.96446
0.31627
-2.16526
0.319969
2.36232
-2.39322
0.333222
0.136301
-0.636432
0.125059
-0.656895
0.115351
-0.682291
0.106253
-0.710394
0.0981279
-0.74196
0.0907472
-0.776409
0.0840651
-0.812565
0.0779846
-0.854099
0.0727534
-0.891301
0.0680396
-0.931902
0.0639101
-0.965362
0.0596676
-1.02845
0.0581526
-1.67579
0.0484275
-1.74952
0.0531086
-1.82183
0.0615248
-1.88194
0.0733055
-1.94535
0.0904101
-1.9884
0.115313
-2.02611
0.151195
-2.01149
0.201581
-2.03786
0.271903
-2.07324
0.632048
0.139165
0.643533
0.14266
0.66339
0.146114
0.687364
0.150006
0.715702
0.154215
0.748683
0.1589
0.785686
0.164065
0.824574
0.170372
0.871397
0.177471
0.924958
0.185575
0.984068
0.194249
1.03478
0.20669
1.75068
0.221254
1.89915
0.24243
2.08958
0.272837
2.33445
0.31603
0.390766
-0.976382
0.364515
-1.05681
0.348916
-1.79277
0.337379
-1.9764
0.333187
-2.18774
0.337714
-2.42372
0.351176
2.67327
-2.71988
0.378642
0.131926
-0.652232
0.12165
-0.678891
0.112068
-0.707824
0.103482
-0.739678
0.0956925
-0.774472
0.0886579
-0.810555
0.0822573
-0.853196
0.0767656
-0.890465
0.0717761
-0.931679
0.0674302
-0.964445
0.0629546
-1.02928
0.0603713
-1.67792
0.0585635
-1.75131
0.0513375
-1.82809
0.0582226
-1.88811
0.0694937
-1.958
0.0855961
-2.00545
0.109225
-2.05232
0.14324
-2.05203
0.190924
-2.09023
0.257768
-2.14107
0.648601
0.135286
0.667624
0.138579
0.691116
0.142272
0.719322
0.146294
0.751831
0.150753
0.789448
0.155614
0.826569
0.161611
0.873686
0.168334
0.925761
0.176065
0.986234
0.184103
1.03229
0.196077
1.74826
0.209679
1.88901
0.229931
2.07361
0.258652
2.3066
0.299576
2.63002
0.359374
0.387687
-1.05939
0.367252
-1.79866
0.355511
-1.99002
0.351038
-2.20926
0.355597
-2.45723
0.370248
-2.76775
0.399448
3.05983
-3.12779
0.445486
0.128295
-0.675278
0.118183
-0.704816
0.109124
-0.737225
0.100929
-0.772531
0.0935259
-0.809115
0.0867616
-0.852073
0.0809541
-0.890109
0.0757174
-0.931561
0.0711446
-0.964258
0.066396
-1.03011
0.0637333
-1.67807
0.0608266
-1.75506
0.0604423
-1.83241
0.0559558
-1.89641
0.0657853
-1.96954
0.0811699
-2.02265
0.103453
-2.07952
0.135735
-2.08849
0.180947
-2.14329
0.244371
-2.20121
0.671616
0.131432
0.694852
0.134942
0.722733
0.138753
0.755015
0.142996
0.792218
0.147574
0.829092
0.153298
0.874988
0.159682
0.927153
0.167014
0.986827
0.174481
1.0306
0.185954
1.74399
0.19885
1.88101
0.217772
2.05679
0.24534
2.28096
0.284119
2.5884
0.340525
2.99568
0.422476
0.386891
-1.80533
0.374151
-2.0036
0.369697
-2.23286
0.374866
-2.49111
0.390138
-2.81889
0.420843
-3.19824
0.469253
3.56456
-3.66033
0.540966
0.124634
-0.701642
0.115092
-0.734679
0.106445
-0.770435
0.0986311
-0.807473
0.0914853
-0.850995
0.0854268
-0.889055
0.0798845
-0.931434
0.0750638
-0.962784
0.0700244
-1.0308
0.0672599
-1.68058
0.0642638
-1.75619
0.0629778
-1.8376
0.0641371
-1.90174
0.0629309
-1.98108
0.0768763
-2.03745
0.0980024
-2.10285
0.128612
-2.1249
0.171378
-2.18982
0.231592
-2.26149
0.698378
0.127985
0.725921
0.131621
0.757895
0.135625
0.794714
0.13995
0.830667
0.145392
0.877013
0.151455
0.927817
0.158459
0.989407
0.165329
1.02834
0.176325
1.74229
0.188327
1.87191
0.206583
2.04237
0.232253
2.25587
0.269197
2.54933
0.323009
2.93505
0.400736
3.47253
0.513076
0.388751
-2.01871
0.389459
-2.25754
0.395025
-2.52725
0.410828
-2.8718
0.443413
-3.27265
0.49474
-3.76238
0.570116
4.15805
-4.28766
0.672275
0.121369
-0.731972
0.112249
-0.768212
0.104011
-0.805507
0.0964876
-0.850027
0.0900991
-0.888637
0.0842617
-0.931396
0.0792154
-0.962037
0.073845
-1.03201
0.0709741
-1.68131
0.0678354
-1.76051
0.0667205
-1.84166
0.0671854
-1.90964
0.0703923
-1.99146
0.0733503
-2.05247
0.0928336
-2.12702
0.121755
-2.15744
0.162435
-2.23683
0.219471
-2.31475
0.728973
0.124803
0.760649
0.128636
0.797159
0.132718
0.832961
0.137902
0.878064
0.143649
0.928805
0.150329
0.990418
0.156629
1.02641
0.16722
1.73862
0.178464
1.8643
0.195721
2.02734
0.22019
2.23257
0.25514
2.51137
0.306119
2.87691
0.38002
3.38665
0.486724
4.03082
0.637959
0.399403
-2.28364
0.415766
-2.56459
0.432692
-2.92762
0.466893
-3.35029
0.520811
-3.86789
0.600767
-4.42898
0.708786
4.8257
-4.99727
0.847641
0.118369
-0.765904
0.109708
-0.804293
0.101737
-0.848045
0.0950549
-0.887435
0.0889066
-0.931346
0.0835748
-0.961252
0.0778833
-1.03323
0.0749102
-1.68371
0.0714465
-1.76154
0.0701311
-1.84712
0.0708433
-1.91456
0.073706
-2.0019
0.0798544
-2.06557
0.0885075
-2.1475
0.115514
-2.19057
0.153973
-2.27828
0.207982
-2.36821
0.763231
0.121999
0.798846
0.125837
0.835442
0.130783
0.880424
0.136199
0.929251
0.14263
0.992716
0.148381
1.02392
0.15856
1.7374
0.169248
1.85631
0.185375
2.0146
0.208662
2.20968
0.241981
2.47627
0.290009
2.82215
0.360319
3.30379
0.461379
3.91455
0.604969
4.65664
0.803845
0.423185
-2.60403
0.455315
-2.9865
0.491952
-3.43251
0.548471
-3.98077
0.632816
-4.57338
0.746584
-5.18563
0.893564
5.31007
-5.51358
0.115691
-0.803013
0.107319
-0.845427
0.100268
-0.887601
0.0937737
-0.93124
0.0882163
-0.958811
0.0821346
-1.03402
0.0790692
-1.6847
0.0755691
-1.76618
0.0742367
-1.85206
0.0748731
-1.92306
0.0775949
-2.01186
0.0836514
-2.07976
0.0938034
-2.16883
0.109683
-2.21904
0.145824
-2.31988
0.197203
-2.41577
0.800477
0.119318
0.838303
0.124047
0.881336
0.129169
0.928789
0.135279
0.994971
0.140544
1.02207
0.150344
1.73451
0.160453
1.84919
0.17589
2.00089
0.197719
2.18853
0.229047
2.4423
0.274921
2.76967
0.341307
3.22621
0.437547
3.80057
0.573568
4.50213
0.762511
5.10857
0.460818
-3.04846
0.5174
-3.51827
0.577374
-4.09859
0.666499
-4.72922
0.786833
-5.37808
0.942064
-5.74027
0.11316
-0.842721
0.105749
-0.886661
0.0989104
-0.92993
0.0930874
-0.96104
0.0865833
-1.03631
0.0834512
-1.68766
0.0797306
-1.76755
0.0782076
-1.85788
0.0789363
-1.92822
0.0821939
-2.02347
0.0884581
-2.09265
0.0986798
-2.18791
0.114259
-2.2489
0.138317
-2.35632
0.186883
-2.46298
0.841091
0.117607
0.882819
0.122456
0.928972
0.128349
0.99462
0.133116
1.01903
0.142555
1.73241
0.151902
1.84156
0.166499
1.98971
0.187465
2.16813
0.217331
2.41109
0.260508
2.7205
0.323892
3.15129
0.414825
3.69578
0.544033
4.35032
0.72265
4.92664
0.523869
-3.608
0.607017
-4.22291
0.701435
-4.8921
0.828438
-5.58756
0.993402
-5.96789
0.111529
-0.885524
0.104351
-0.92957
0.0982345
-0.962833
0.0913117
-1.03365
0.0880708
-1.68855
0.0839305
-1.77125
0.0825593
-1.86312
0.0832222
-1.9375
0.08652
-2.03481
0.0931946
-2.10877
0.104176
-2.20954
0.120384
-2.27624
0.142149
-2.39281
0.177155
-2.50459
0.88407
0.116107
0.928838
0.121705
0.993772
0.126087
1.01945
0.135167
1.73105
0.144118
1.83594
0.157722
1.97807
0.177546
2.14891
0.205603
2.38081
0.246856
2.67295
0.306655
3.08168
0.39326
3.59344
0.515643
4.21165
0.685454
4.74717
0.617126
-4.354
0.738011
-5.06458
0.872433
-5.80527
1.04638
-6.21387
0.110073
-0.929581
0.103686
-0.971917
0.096303
-1.03422
0.092936
-1.69086
0.0888755
-1.77635
0.0871347
-1.87075
0.0878902
-1.94339
0.0914268
-2.04734
0.0985135
-2.1224
0.10996
-2.23042
0.126939
-2.30673
0.149762
-2.42744
0.180042
-2.54581
0.928915
0.115384
0.98615
0.119394
1.01752
0.128169
1.72389
0.13634
1.82889
0.149558
1.96647
0.168102
2.12978
0.195014
2.35341
0.233835
2.62932
0.29072
3.01523
0.372492
3.50004
0.488928
4.07475
0.649807
4.58565
0.755888
-5.24486
0.9178
-6.03731
1.10302
-6.47468
0.109376
-0.980502
0.101593
-1.02876
0.098067
-1.6901
0.0935256
-1.77877
0.091943
-1.87445
0.0929945
-1.95204
0.0964051
-2.06006
0.103947
-2.14012
0.11608
-2.25463
0.134031
-2.33675
0.157954
-2.46455
0.189863
-2.58496
0.978315
0.1131
1.02152
0.121498
1.71935
0.129462
1.82959
0.141769
1.95738
0.159295
2.11324
0.184765
2.32756
0.221486
2.58601
0.275555
2.95323
0.353235
3.40767
0.463295
3.95048
0.615982
4.42471
0.949002
-6.28179
1.16182
-6.75147
0.107206
-1.02387
0.103478
-1.69618
0.0987962
-1.79303
0.0969898
-1.88269
0.0978281
-1.96369
0.101849
-2.07593
0.109679
-2.15504
0.122338
-2.27801
0.1415
-2.36965
0.166777
-2.50242
0.200267
-2.62698
1.02587
0.11517
1.71122
0.122571
1.82199
0.134183
1.93815
0.150931
2.09576
0.17502
2.30041
0.209914
2.54505
0.261141
2.89403
0.334923
3.32438
0.439199
3.82687
0.584144
4.28028
1.21424
-7.04608
0.109196
-1.70342
0.104304
-1.80064
0.1025
-1.87883
0.103447
-1.97106
0.107542
-2.08604
0.115899
-2.17243
0.129288
-2.30483
0.14921
-2.40205
0.175891
-2.54411
0.211426
-2.67023
1.70432
0.11599
1.81698
0.127307
1.92921
0.142958
2.09105
0.165941
2.27949
0.198942
2.5087
0.247275
2.84061
0.317112
3.24116
0.4163
3.71523
0.553681
4.13438
0.110103
-1.80652
0.108121
-1.88641
0.109178
-1.99892
0.113381
-2.10342
0.122272
-2.19778
0.136442
-2.33465
0.157522
-2.43882
0.185691
-2.58589
0.222819
-2.71669
1.81061
0.120399
1.91553
0.135589
2.07225
0.156918
2.23836
0.188333
2.47154
0.234474
2.78302
0.300623
3.16379
0.394559
3.60363
0.524755
4.00441
0.114195
-1.89703
0.115377
-2.01605
0.119737
-2.09969
0.128983
-2.21351
0.143983
-2.35715
0.16628
-2.47311
0.196024
-2.63297
0.235221
-2.76561
1.90438
0.128373
2.05839
0.148885
2.21652
0.178458
2.459
0.222135
2.73853
0.284752
3.09287
0.373968
3.50368
0.49732
3.87093
0.121541
-2.03061
0.126429
-2.11819
0.136249
-2.26883
0.151918
-2.39131
0.175509
-2.52381
0.20674
-2.68556
0.24829
-2.81553
2.04255
0.14088
2.18596
0.169075
2.42009
0.21039
2.65801
0.269906
3.0218
0.354156
3.40016
0.471787
3.75058
0.133475
-2.14203
0.14369
-2.30292
0.160517
-2.38813
0.185242
-2.55809
0.218065
-2.72775
0.261693
-2.87395
2.16045
0.160165
2.39167
0.199221
2.61359
0.255857
2.9917
0.33582
3.31078
0.446843
3.63399
0.151895
-2.33249
0.169392
-2.42289
0.195499
-2.65231
0.23016
-2.79151
0.276225
-2.92597
2.35936
0.188812
2.55533
0.242308
2.92226
0.31818
3.19184
0.423656
3.52225
0.178764
-2.4679
0.206297
-2.71061
0.242974
-2.80126
0.291333
-2.9813
2.5068
0.22967
2.87128
0.30144
3.12111
0.401707
3.44426
0.217671
-2.76166
0.256486
-2.84703
0.307476
-3.0534
2.81453
0.285592
3.04284
0.380651
3.35418
0.270553
-2.90518
0.324281
-3.09977
2.97664
0.360929
3.29131
0.342017
-3.1487
3.2319
)
;

boundaryField
{
    outlet
    {
        type            calculated;
        value           nonuniform List<scalar> 
74
(
0.22167
0.223657
0.233861
0.235958
0.246725
0.248937
0.260294
0.262627
0.274611
0.277071
0.289717
0.292315
0.30564
0.308382
0.322467
0.325351
0.340196
0.343247
0.358903
0.362109
0.378641
0.38204
0.399473
0.403052
0.421437
0.425223
0.444612
0.448604
0.469075
0.473272
0.494876
0.499318
0.522094
0.526768
0.550805
0.555736
0.5811
0.586315
0.613056
0.618554
0.646788
0.652569
0.682349
0.688478
0.71988
0.72633
0.75947
0.766281
0.80125
0.808421
0.845308
0.852892
0.891813
0.899756
0.940905
0.949274
0.992534
1.00155
1.04725
1.05665
1.1048
1.11459
1.16545
1.176
1.22969
1.24076
1.29728
1.30887
1.36861
1.38097
1.44393
1.45681
1.52337
1.53702
)
;
    }
    walls
    {
        type            calculated;
        value           uniform 0;
    }
    frontAndBack
    {
        type            empty;
        value           nonuniform 0();
    }
    coupled
    {
        type            calculated;
        value           nonuniform List<scalar> 
166
(
-0.682395
-0.656656
-0.605928
-0.0944429
-0.662922
-0.601586
-0.375164
0.0982428
-1.07823
-0.244904
0.450309
-1.40894
-0.59818
-0.0305235
-0.692287
0.27533
-1.12205
-0.134924
-0.869449
0.351849
-0.247284
-0.977438
0.570473
0.310433
0.265683
0.269631
0.291339
0.328299
0.374356
0.425706
0.484125
0.551117
0.632688
0.751737
1.05767
-0.237661
-1.94304
-0.360074
-1.03471
0.164068
1.48255
-0.363251
-0.367357
0.400772
0.776006
1.15276
-0.153065
-1.74686
0.34953
0.0681829
-0.0227672
-0.0424519
-0.0326206
-0.00974862
0.0209125
0.057072
0.0976838
0.142897
0.193669
0.25493
0.349009
0.640186
-0.446461
-1.10488
-0.192488
1.60542
-0.733487
-0.349275
0.662896
1.24745
-0.030932
0.0473929
-0.195617
-0.27771
-0.334286
-0.434112
1.8368
-0.714173
-0.428983
-0.155019
0.182762
0.494717
-0.354938
-0.606958
1.68181
-1.12326
-0.351422
0.869129
-0.662076
-2.26801
-0.581099
-0.822673
1.92005
-1.06116
-0.472599
-0.144964
-1.03297
-1.83419
1.72886
-1.44745
-0.3869
1.72408
-1.58098
-0.962784
1.74674
-2.65967
-0.946665
-3.26234
1.64826
-2.77223
0.68915
-0.150579
0.685648
-0.216216
0.709951
-0.260476
0.737836
-0.298852
0.764813
-0.335238
0.789965
-0.371499
0.813189
-0.408906
0.834605
-0.448561
0.8546
-0.490966
0.873578
-0.536097
0.891244
-0.584702
0.908646
-0.637103
0.925047
-0.693625
0.939773
-0.75538
0.952135
-0.823218
0.962462
-0.895475
0.971638
-0.973299
0.97631
-1.05859
1.46903
-1.80718
1.39432
-2.02936
1.26768
-2.30742
1.09076
-2.64166
0.783062
-3.11151
0.362216
-3.70125
-0.259018
-4.49277
-1.02584
-5.43798
-1.93123
-6.54702
-2.51383
-7.36886
)
;
    }
}


// ************************************************************************* //
