/*--------------------------------*- C++ -*----------------------------------*\
| =========                 |                                                 |
| \\      /  F ield         | OpenFOAM: The Open Source CFD Toolbox           |
|  \\    /   O peration     | Version:  2.3.0                                 |
|   \\  /    A nd           | Web:      www.OpenFOAM.org                      |
|    \\/     M anipulation  |                                                 |
\*---------------------------------------------------------------------------*/
FoamFile
{
    version     2.0;
    format      ascii;
    class       labelList;
    note        "nPoints:9876  nCells:4779  nFaces:19275  nInternalFaces:9399";
    location    "constant/polyMesh";
    object      neighbour;
}
// * * * * * * * * * * * * * * * * * * * * * * * * * * * * * * * * * * * * * //


9399
(
1
2
3
4
5
6
7
6
7
8
9
10
9
10
11
12
13
14
13
15
14
16
16
17
18
19
20
19
21
20
22
21
22
23
23
24
25
26
25
27
26
28
27
29
28
30
30
31
32
33
34
33
35
34
36
35
37
36
38
37
38
39
39
40
41
42
43
42
44
43
45
44
46
45
47
46
48
47
49
49
50
50
51
52
53
52
54
53
55
54
56
55
57
56
58
57
59
58
59
60
60
61
62
63
64
63
65
64
66
65
67
66
68
67
69
68
70
69
71
70
72
72
73
73
74
75
76
77
76
78
77
79
78
80
79
81
80
82
81
83
82
84
83
85
84
85
86
86
87
87
88
89
90
89
91
90
92
91
93
92
94
93
95
94
96
95
97
96
98
97
99
98
100
100
101
101
102
103
104
105
104
106
105
107
106
108
107
109
108
110
109
111
110
112
111
113
112
114
113
115
114
115
116
116
117
117
118
119
120
121
120
122
121
123
122
124
123
125
124
126
125
127
126
128
127
129
128
130
129
131
130
132
131
133
133
134
134
135
135
136
137
138
139
138
140
139
141
140
142
141
143
142
144
143
145
144
146
145
147
146
148
147
149
148
150
149
151
150
152
151
153
153
154
154
155
155
156
157
158
159
158
160
159
161
160
162
161
163
162
164
163
165
164
166
165
167
166
168
167
169
168
170
169
171
170
172
171
173
172
173
174
174
175
175
176
176
177
178
179
180
179
181
180
182
181
183
182
184
183
185
184
186
185
187
186
188
187
189
188
190
189
191
190
192
191
193
192
194
193
195
194
196
196
197
197
198
198
199
199
200
201
202
203
202
204
203
205
204
206
205
207
206
208
207
209
208
210
209
211
210
212
211
213
212
214
213
215
214
216
215
217
216
218
217
219
218
220
219
221
221
222
222
223
223
224
224
225
226
227
228
227
229
228
230
229
231
230
232
231
233
232
234
233
235
234
236
235
237
236
238
237
239
238
240
239
241
240
242
241
243
242
244
243
245
244
246
245
247
246
248
248
249
249
250
250
251
251
252
253
254
255
254
256
255
257
256
258
257
259
258
260
259
261
260
262
261
263
262
264
263
265
264
266
265
267
266
268
267
269
268
270
269
271
270
272
271
273
272
274
273
275
274
276
275
277
277
278
278
279
279
280
280
281
282
283
284
283
285
284
286
285
287
286
288
287
289
288
290
289
291
290
292
291
293
292
294
293
295
294
296
295
297
296
298
297
299
298
300
299
301
300
302
301
303
302
304
303
305
304
306
305
307
306
308
308
309
309
310
310
311
311
312
313
314
315
314
316
315
317
316
318
317
319
318
320
319
321
320
322
321
323
322
324
323
325
324
326
325
327
326
328
327
329
328
330
329
331
330
332
331
333
332
334
333
335
334
336
335
337
336
338
337
339
338
340
339
341
341
342
342
343
343
344
344
345
346
347
348
347
349
348
350
349
351
350
352
351
353
352
354
353
355
354
356
355
357
356
358
357
359
358
360
359
361
360
362
361
363
362
364
363
365
364
366
365
367
366
368
367
369
368
370
369
371
370
372
371
373
372
374
373
375
374
376
376
377
377
378
378
379
379
380
381
382
383
382
384
383
385
384
386
385
387
386
388
387
389
388
390
389
391
390
392
391
393
392
394
393
395
394
396
395
397
396
398
397
399
398
400
399
401
400
402
401
403
402
404
403
405
404
406
405
407
406
408
407
409
408
410
409
411
410
412
411
413
413
414
414
415
415
416
416
417
418
419
420
419
421
420
422
421
423
422
424
423
425
424
426
425
427
426
428
427
429
428
430
429
431
430
432
431
433
432
434
433
435
434
436
435
437
436
438
437
439
438
440
439
441
440
442
441
443
442
444
443
445
444
446
445
447
446
448
447
449
448
450
449
451
452
450
453
453
454
454
455
455
456
456
457
458
459
460
459
461
460
462
461
463
462
464
463
465
464
466
465
467
466
468
467
469
468
470
469
471
470
472
471
473
472
474
473
475
474
476
475
477
476
478
477
479
478
480
479
481
480
482
481
483
482
484
483
485
484
486
485
487
486
488
487
489
488
490
489
491
490
492
491
493
494
494
492
495
495
496
496
497
497
498
498
499
500
501
502
503
502
504
503
505
504
506
505
507
506
508
507
509
508
510
509
511
510
512
511
513
512
514
513
515
514
516
515
517
516
518
517
519
518
520
519
521
520
522
521
523
522
524
523
525
524
526
525
527
526
528
527
529
528
530
529
531
530
532
531
533
532
534
533
535
534
536
535
537
536
538
539
539
537
540
540
541
541
542
542
543
543
544
545
545
546
547
548
547
549
548
550
549
551
550
552
551
553
552
554
553
555
554
556
555
557
556
558
557
559
558
560
559
561
560
562
561
563
562
564
563
565
564
566
565
567
566
568
567
569
568
570
569
571
570
572
571
573
572
574
573
575
574
576
575
577
576
578
577
579
578
580
579
581
580
582
581
583
582
584
583
585
586
586
587
584
588
588
589
589
590
590
591
591
592
593
593
594
595
596
595
597
596
598
597
599
598
600
599
601
600
602
601
603
602
604
603
605
604
606
605
607
606
608
607
609
608
610
609
611
610
612
611
613
612
614
613
615
614
616
615
617
616
618
617
619
618
620
619
621
620
622
621
623
622
624
623
625
624
626
625
627
626
628
627
629
628
630
629
631
630
632
631
633
632
634
633
635
636
636
637
637
634
638
638
639
639
640
640
641
641
642
643
643
644
645
646
645
647
646
648
647
649
648
650
649
651
650
652
651
653
652
654
653
655
654
656
655
657
656
658
657
659
658
660
659
661
660
662
661
663
662
664
663
665
664
666
665
667
666
668
667
669
668
670
669
671
670
672
671
673
672
674
673
675
674
676
675
677
676
678
677
679
678
680
679
681
680
682
681
683
682
684
683
685
684
686
685
687
688
688
689
689
690
686
691
691
692
692
693
693
694
694
695
696
696
697
698
699
700
699
701
700
702
701
703
702
704
703
705
704
706
705
707
706
708
707
709
708
710
709
711
710
712
711
713
712
714
713
715
714
716
715
717
716
718
717
719
718
720
719
721
720
722
721
723
722
724
723
725
724
726
725
727
726
728
727
729
728
730
729
731
730
732
731
733
732
734
733
735
734
736
735
737
736
738
737
739
738
740
739
741
740
742
741
743
744
744
745
745
746
746
747
742
748
748
749
749
750
750
751
751
752
753
753
754
754
755
756
757
756
758
757
759
758
760
759
761
760
762
761
763
762
764
763
765
764
766
765
767
766
768
767
769
768
770
769
771
770
772
771
773
772
774
773
775
774
776
775
777
776
778
777
779
778
780
779
781
780
782
781
783
782
784
783
785
784
786
785
787
786
788
787
789
788
790
789
791
790
792
791
793
792
794
793
795
794
796
795
797
796
798
797
799
798
800
799
801
800
802
803
803
804
804
805
805
806
806
801
807
807
808
808
809
809
810
810
811
812
811
813
813
814
815
816
815
817
816
818
817
819
818
820
819
821
820
822
821
823
822
824
823
825
824
826
825
827
826
828
827
829
828
830
829
831
830
832
831
833
832
834
833
835
834
836
835
837
836
838
837
839
838
840
839
841
840
842
841
843
842
844
843
845
844
846
845
847
846
848
847
849
848
850
849
851
850
852
851
853
852
854
853
855
854
856
855
857
856
858
857
859
858
860
859
861
860
862
861
863
864
864
865
865
866
866
867
867
868
862
869
869
870
870
871
871
872
873
874
872
874
875
873
876
877
878
879
878
880
879
881
880
882
881
883
882
884
883
885
884
886
885
887
886
888
887
889
888
890
889
891
890
892
891
893
892
894
893
895
894
896
895
897
896
898
897
899
898
900
899
901
900
902
901
903
902
904
903
905
904
906
905
907
906
908
907
909
908
910
909
911
910
912
911
913
912
914
913
915
914
916
915
917
916
918
917
919
918
920
919
921
920
922
921
923
922
924
923
925
924
926
925
927
926
928
929
929
930
930
931
931
932
932
933
933
927
934
934
935
935
936
936
937
938
939
939
940
937
940
941
938
942
943
944
943
945
944
946
945
947
946
948
947
949
948
950
949
951
950
952
951
953
952
954
953
955
954
956
955
957
956
958
957
959
958
960
959
961
960
962
961
963
962
964
963
965
964
966
965
967
966
968
967
969
968
970
969
971
970
972
971
973
972
974
973
975
974
976
975
977
976
978
977
979
978
980
979
981
980
982
981
983
982
984
983
985
984
986
985
987
986
988
987
989
988
990
989
991
990
992
991
993
992
994
993
995
996
996
997
997
998
998
999
999
1000
1000
1001
994
1002
1002
1003
1003
1004
1004
1005
1006
1006
1007
1007
1008
1005
1008
1009
1010
1011
1012
1011
1013
1012
1014
1013
1015
1014
1016
1015
1017
1016
1018
1017
1019
1018
1020
1019
1021
1020
1022
1021
1023
1022
1024
1023
1025
1024
1026
1025
1027
1026
1028
1027
1029
1028
1030
1029
1031
1030
1032
1031
1033
1032
1034
1033
1035
1034
1036
1035
1037
1036
1038
1037
1039
1038
1040
1039
1041
1040
1042
1041
1043
1042
1044
1043
1045
1044
1046
1045
1047
1046
1048
1047
1049
1048
1050
1049
1051
1050
1052
1051
1053
1052
1054
1053
1055
1054
1056
1055
1057
1056
1058
1057
1059
1058
1060
1059
1061
1060
1062
1061
1063
1062
1064
1063
1065
1066
1066
1067
1067
1068
1068
1069
1069
1070
1070
1071
1071
1072
1064
1073
1073
1074
1074
1075
1075
1076
1077
1077
1078
1078
1079
1076
1079
1080
1081
1082
1083
1082
1084
1083
1085
1084
1086
1085
1087
1086
1088
1087
1089
1088
1090
1089
1091
1090
1092
1091
1093
1092
1094
1093
1095
1094
1096
1095
1097
1096
1098
1097
1099
1098
1100
1099
1101
1100
1102
1101
1103
1102
1104
1103
1105
1104
1106
1105
1107
1106
1108
1107
1109
1108
1110
1109
1111
1110
1112
1111
1113
1112
1114
1113
1115
1114
1116
1115
1117
1116
1118
1117
1119
1118
1120
1119
1121
1120
1122
1121
1123
1122
1124
1123
1125
1124
1126
1125
1127
1126
1128
1127
1129
1128
1130
1129
1131
1130
1132
1131
1133
1132
1134
1133
1135
1134
1136
1135
1137
1136
1138
1139
1139
1140
1140
1141
1141
1142
1142
1143
1143
1144
1144
1145
1145
1137
1146
1146
1147
1147
1148
1148
1149
1150
1150
1151
1151
1152
1149
1152
1153
1154
1155
1154
1156
1155
1157
1156
1158
1157
1159
1158
1160
1159
1161
1160
1162
1161
1163
1162
1164
1163
1165
1164
1166
1165
1167
1166
1168
1167
1169
1168
1170
1169
1171
1170
1172
1171
1173
1172
1174
1173
1175
1174
1176
1175
1177
1176
1178
1177
1179
1178
1180
1179
1181
1180
1182
1181
1183
1182
1184
1183
1185
1184
1186
1185
1187
1186
1188
1187
1189
1188
1190
1189
1191
1190
1192
1191
1193
1192
1194
1193
1195
1194
1196
1195
1197
1196
1198
1197
1199
1198
1200
1199
1201
1200
1202
1201
1203
1202
1204
1203
1205
1204
1206
1205
1207
1206
1208
1207
1209
1208
1210
1209
1211
1210
1212
1213
1213
1214
1214
1215
1215
1216
1216
1217
1217
1218
1218
1219
1219
1220
1211
1221
1221
1222
1222
1223
1223
1224
1225
1225
1226
1226
1227
1224
1227
1228
1229
1230
1229
1231
1230
1232
1231
1233
1232
1234
1233
1235
1234
1236
1235
1237
1236
1238
1237
1239
1238
1240
1239
1241
1240
1242
1241
1243
1242
1244
1243
1245
1244
1246
1245
1247
1246
1248
1247
1249
1248
1250
1249
1251
1250
1252
1251
1253
1252
1254
1253
1255
1254
1256
1255
1257
1256
1258
1257
1259
1258
1260
1259
1261
1260
1262
1261
1263
1262
1264
1263
1265
1264
1266
1265
1267
1266
1268
1267
1269
1268
1270
1269
1271
1270
1272
1271
1273
1272
1274
1273
1275
1274
1276
1275
1277
1276
1278
1277
1279
1278
1280
1279
1281
1280
1282
1281
1283
1282
1284
1283
1285
1284
1286
1285
1287
1288
1288
1289
1289
1290
1290
1291
1291
1292
1292
1293
1293
1294
1294
1295
1295
1296
1286
1297
1297
1298
1298
1299
1299
1300
1301
1301
1302
1302
1303
1300
1303
1304
1305
1306
1305
1307
1306
1308
1307
1309
1308
1310
1309
1311
1310
1312
1311
1313
1312
1314
1313
1315
1314
1316
1315
1317
1316
1318
1317
1319
1318
1320
1319
1321
1320
1322
1321
1323
1322
1324
1323
1325
1324
1326
1325
1327
1326
1328
1327
1329
1328
1330
1329
1331
1330
1332
1331
1333
1332
1334
1333
1335
1334
1336
1335
1337
1336
1338
1337
1339
1338
1340
1339
1341
1340
1342
1341
1343
1342
1344
1343
1345
1344
1346
1345
1347
1346
1348
1347
1349
1348
1350
1349
1351
1350
1352
1351
1353
1352
1354
1353
1355
1354
1356
1355
1357
1356
1358
1357
1359
1358
1360
1359
1361
1360
1362
1361
1363
1364
1364
1365
1365
1366
1366
1367
1367
1368
1368
1369
1369
1370
1370
1371
1371
1372
1372
1362
1373
1373
1374
1374
1375
1375
1376
1377
1377
1378
1378
1379
1376
1379
1380
1381
1382
1381
1383
1382
1384
1383
1385
1384
1386
1385
1387
1386
1388
1387
1389
1388
1390
1389
1391
1390
1392
1391
1393
1392
1394
1393
1395
1394
1396
1395
1397
1396
1398
1397
1399
1398
1400
1399
1401
1400
1402
1401
1403
1402
1404
1403
1405
1404
1406
1405
1407
1406
1408
1407
1409
1408
1410
1409
1411
1410
1412
1411
1413
1412
1414
1413
1415
1414
1416
1415
1417
1416
1418
1417
1419
1418
1420
1419
1421
1420
1422
1421
1423
1422
1424
1423
1425
1424
1426
1425
1427
1426
1428
1427
1429
1428
1430
1429
1431
1430
1432
1431
1433
1432
1434
1433
1435
1434
1436
1435
1437
1436
1438
1437
1439
1440
1440
1441
1441
1442
1442
1443
1443
1444
1444
1445
1445
1446
1446
1438
1447
1447
1448
1448
1449
1449
1450
1451
1451
1452
1452
1453
1450
1453
1454
1455
1456
1455
1457
1456
1458
1457
1459
1458
1460
1459
1461
1460
1462
1461
1463
1462
1464
1463
1465
1464
1466
1465
1467
1466
1468
1467
1469
1468
1470
1469
1471
1470
1472
1471
1473
1472
1474
1473
1475
1474
1476
1475
1477
1476
1478
1477
1479
1478
1480
1479
1481
1480
1482
1481
1483
1482
1484
1483
1485
1484
1486
1485
1487
1486
1488
1487
1489
1488
1490
1489
1491
1490
1492
1491
1493
1492
1494
1493
1495
1494
1496
1495
1497
1496
1498
1497
1499
1498
1500
1499
1501
1500
1502
1501
1503
1502
1504
1503
1505
1504
1506
1505
1507
1506
1508
1507
1509
1508
1510
1509
1511
1510
1512
1511
1513
1514
1514
1515
1515
1516
1516
1517
1517
1518
1518
1519
1519
1520
1520
1512
1521
1521
1522
1522
1523
1523
1524
1525
1525
1526
1526
1527
1524
1527
1528
1529
1530
1529
1531
1530
1532
1531
1533
1532
1534
1533
1535
1534
1536
1535
1537
1536
1538
1537
1539
1538
1540
1539
1541
1540
1542
1541
1543
1542
1544
1543
1545
1544
1546
1545
1547
1546
1548
1547
1549
1548
1550
1549
1551
1550
1552
1551
1553
1552
1554
1553
1555
1554
1556
1555
1557
1556
1558
1557
1559
1558
1560
1559
1561
1560
1562
1561
1563
1562
1564
1563
1565
1564
1566
1565
1567
1566
1568
1567
1569
1568
1570
1569
1571
1570
1572
1571
1573
1572
1574
1573
1575
1574
1576
1575
1577
1576
1578
1577
1579
1578
1580
1579
1581
1580
1582
1581
1583
1582
1584
1583
1585
1584
1586
1585
1587
1588
1588
1589
1589
1590
1590
1591
1591
1592
1592
1593
1593
1586
1594
1594
1595
1595
1596
1596
1597
1598
1598
1599
1599
1600
1597
1600
1601
1602
1603
1602
1604
1603
1605
1604
1606
1605
1607
1606
1608
1607
1609
1608
1610
1609
1611
1610
1612
1611
1613
1612
1614
1613
1615
1614
1616
1615
1617
1616
1618
1617
1619
1618
1620
1619
1621
1620
1622
1621
1623
1622
1624
1623
1625
1624
1626
1625
1627
1626
1628
1627
1629
1628
1630
1629
1631
1630
1632
1631
1633
1632
1634
1633
1635
1634
1636
1635
1637
1636
1638
1637
1639
1638
1640
1639
1641
1640
1642
1641
1643
1642
1644
1643
1645
1644
1646
1645
1647
1646
1648
1647
1649
1648
1650
1649
1651
1650
1652
1651
1653
1652
1654
1653
1655
1654
1656
1655
1657
1656
1658
1657
1659
1658
1660
1661
1661
1662
1662
1663
1663
1664
1664
1665
1665
1666
1666
1659
1667
1667
1668
1668
1669
1669
1670
1671
1671
1672
1672
1673
1670
1673
1674
1675
1676
1675
1677
1676
1678
1677
1679
1678
1680
1679
1681
1680
1682
1681
1683
1682
1684
1683
1685
1684
1686
1685
1687
1686
1688
1687
1689
1688
1690
1689
1691
1690
1692
1691
1693
1692
1694
1693
1695
1694
1696
1695
1697
1696
1698
1697
1699
1698
1700
1699
1701
1700
1702
1701
1703
1702
1704
1703
1705
1704
1706
1705
1707
1706
1708
1707
1709
1708
1710
1709
1711
1710
1712
1711
1713
1712
1714
1713
1715
1714
1716
1715
1717
1716
1718
1717
1719
1718
1720
1719
1721
1720
1722
1721
1723
1722
1724
1723
1725
1724
1726
1725
1727
1726
1728
1727
1729
1728
1730
1729
1731
1730
1732
1731
1733
1734
1734
1735
1735
1736
1736
1737
1737
1738
1738
1739
1739
1732
1740
1740
1741
1741
1742
1742
1743
1744
1744
1745
1745
1746
1743
1746
1747
1748
1749
1748
1750
1749
1751
1750
1752
1751
1753
1752
1754
1753
1755
1754
1756
1755
1757
1756
1758
1757
1759
1758
1760
1759
1761
1760
1762
1761
1763
1762
1764
1763
1765
1764
1766
1765
1767
1766
1768
1767
1769
1768
1770
1769
1771
1770
1772
1771
1773
1772
1774
1773
1775
1774
1776
1775
1777
1776
1778
1777
1779
1778
1780
1779
1781
1780
1782
1781
1783
1782
1784
1783
1785
1784
1786
1785
1787
1786
1788
1787
1789
1788
1790
1789
1791
1790
1792
1791
1793
1792
1794
1793
1795
1794
1796
1795
1797
1796
1798
1797
1799
1798
1800
1799
1801
1800
1802
1801
1803
1802
1804
1803
1805
1804
1806
1807
1807
1808
1808
1809
1809
1810
1810
1811
1811
1812
1812
1805
1813
1813
1814
1814
1815
1815
1816
1817
1817
1818
1818
1819
1816
1819
1820
1821
1822
1821
1823
1822
1824
1823
1825
1824
1826
1825
1827
1826
1828
1827
1829
1828
1830
1829
1831
1830
1832
1831
1833
1832
1834
1833
1835
1834
1836
1835
1837
1836
1838
1837
1839
1838
1840
1839
1841
1840
1842
1841
1843
1842
1844
1843
1845
1844
1846
1845
1847
1846
1848
1847
1849
1848
1850
1849
1851
1850
1852
1851
1853
1852
1854
1853
1855
1854
1856
1855
1857
1856
1858
1857
1859
1858
1860
1859
1861
1860
1862
1861
1863
1862
1864
1863
1865
1864
1866
1865
1867
1866
1868
1867
1869
1868
1870
1869
1871
1870
1872
1871
1873
1872
1874
1873
1875
1874
1876
1875
1877
1876
1878
1877
1879
1880
1880
1881
1881
1882
1882
1883
1883
1884
1884
1885
1885
1878
1886
1886
1887
1887
1888
1888
1889
1890
1890
1891
1891
1892
1889
1892
1893
1894
1895
1894
1896
1895
1897
1896
1898
1897
1899
1898
1900
1899
1901
1900
1902
1901
1903
1902
1904
1903
1905
1904
1906
1905
1907
1906
1908
1907
1909
1908
1910
1909
1911
1910
1912
1911
1913
1912
1914
1913
1915
1914
1916
1915
1917
1916
1918
1917
1919
1918
1920
1919
1921
1920
1922
1921
1923
1922
1924
1923
1925
1924
1926
1925
1927
1926
1928
1927
1929
1928
1930
1929
1931
1930
1932
1931
1933
1932
1934
1933
1935
1934
1936
1935
1937
1936
1938
1937
1939
1938
1940
1939
1941
1940
1942
1941
1943
1942
1944
1943
1945
1944
1946
1945
1947
1946
1948
1947
1949
1948
1950
1949
1951
1950
1952
1953
1953
1954
1954
1955
1955
1956
1956
1957
1957
1951
1958
1958
1959
1959
1960
1960
1961
1962
1962
1963
1963
1964
1961
1964
1965
1966
1967
1966
1968
1967
1969
1968
1970
1969
1971
1970
1972
1971
1973
1972
1974
1973
1975
1974
1976
1975
1977
1976
1978
1977
1979
1978
1980
1979
1981
1980
1982
1981
1983
1982
1984
1983
1985
1984
1986
1985
1987
1986
1988
1987
1989
1988
1990
1989
1991
1990
1992
1991
1993
1992
1994
1993
1995
1994
1996
1995
1997
1996
1998
1997
1999
1998
2000
1999
2001
2000
2002
2001
2003
2002
2004
2003
2005
2004
2006
2005
2007
2006
2008
2007
2009
2008
2010
2009
2011
2010
2012
2011
2013
2012
2014
2013
2015
2014
2016
2015
2017
2016
2018
2017
2019
2018
2020
2019
2021
2020
2022
2021
2023
2022
2024
2025
2025
2026
2026
2027
2027
2028
2028
2029
2029
2023
2030
2030
2031
2031
2032
2032
2033
2034
2034
2035
2035
2036
2033
2036
2037
2038
2039
2038
2040
2039
2041
2040
2042
2041
2043
2042
2044
2043
2045
2044
2046
2045
2047
2046
2048
2047
2049
2048
2050
2049
2051
2050
2052
2051
2053
2052
2054
2053
2055
2054
2056
2055
2057
2056
2058
2057
2059
2058
2060
2059
2061
2060
2062
2061
2063
2062
2064
2063
2065
2064
2066
2065
2067
2066
2068
2067
2069
2068
2070
2069
2071
2070
2072
2071
2073
2072
2074
2073
2075
2074
2076
2075
2077
2076
2078
2077
2079
2078
2080
2079
2081
2080
2082
2081
2083
2082
2084
2083
2085
2084
2086
2085
2087
2086
2088
2087
2089
2088
2090
2089
2091
2090
2092
2091
2093
2092
2094
2093
2095
2094
2096
2097
2097
2098
2098
2099
2099
2100
2100
2101
2101
2095
2102
2102
2103
2103
2104
2104
2105
2106
2106
2107
2107
2108
2105
2108
2109
2110
2111
2110
2112
2111
2113
2112
2114
2113
2115
2114
2116
2115
2117
2116
2118
2117
2119
2118
2120
2119
2121
2120
2122
2121
2123
2122
2124
2123
2125
2124
2126
2125
2127
2126
2128
2127
2129
2128
2130
2129
2131
2130
2132
2131
2133
2132
2134
2133
2135
2134
2136
2135
2137
2136
2138
2137
2139
2138
2140
2139
2141
2140
2142
2141
2143
2142
2144
2143
2145
2144
2146
2145
2147
2146
2148
2147
2149
2148
2150
2149
2151
2150
2152
2151
2153
2152
2154
2153
2155
2154
2156
2155
2157
2156
2158
2157
2159
2158
2160
2159
2161
2160
2162
2161
2163
2162
2164
2163
2165
2164
2166
2165
2167
2166
2168
2169
2169
2170
2170
2171
2171
2172
2172
2173
2173
2167
2174
2174
2175
2175
2176
2176
2177
2178
2178
2179
2179
2180
2177
2180
2181
2182
2183
2182
2184
2183
2185
2184
2186
2185
2187
2186
2188
2187
2189
2188
2190
2189
2191
2190
2192
2191
2193
2192
2194
2193
2195
2194
2196
2195
2197
2196
2198
2197
2199
2198
2200
2199
2201
2200
2202
2201
2203
2202
2204
2203
2205
2204
2206
2205
2207
2206
2208
2207
2209
2208
2210
2209
2211
2210
2212
2211
2213
2212
2214
2213
2215
2214
2216
2215
2217
2216
2218
2217
2219
2218
2220
2219
2221
2220
2222
2221
2223
2222
2224
2223
2225
2224
2226
2225
2227
2226
2228
2227
2229
2228
2230
2229
2231
2230
2232
2231
2233
2232
2234
2233
2235
2234
2236
2235
2237
2236
2238
2237
2239
2238
2240
2241
2241
2242
2242
2243
2243
2244
2244
2245
2245
2239
2246
2246
2247
2247
2248
2248
2249
2250
2250
2251
2251
2252
2249
2252
2253
2254
2255
2254
2256
2255
2257
2256
2258
2257
2259
2258
2260
2259
2261
2260
2262
2261
2263
2262
2264
2263
2265
2264
2266
2265
2267
2266
2268
2267
2269
2268
2270
2269
2271
2270
2272
2271
2273
2272
2274
2273
2275
2274
2276
2275
2277
2276
2278
2277
2279
2278
2280
2279
2281
2280
2282
2281
2283
2282
2284
2283
2285
2284
2286
2285
2287
2286
2288
2287
2289
2288
2290
2289
2291
2290
2292
2291
2293
2292
2294
2293
2295
2294
2296
2295
2297
2296
2298
2297
2299
2298
2300
2299
2301
2300
2302
2301
2303
2302
2304
2303
2305
2304
2306
2305
2307
2306
2308
2307
2309
2308
2310
2309
2311
2310
2312
2313
2313
2314
2314
2315
2315
2316
2316
2317
2317
2311
2318
2318
2319
2319
2320
2320
2321
2322
2322
2323
2323
2324
2321
2324
2325
2326
2327
2326
2328
2327
2329
2328
2330
2329
2331
2330
2332
2331
2333
2332
2334
2333
2335
2334
2336
2335
2337
2336
2338
2337
2339
2338
2340
2339
2341
2340
2342
2341
2343
2342
2344
2343
2345
2344
2346
2345
2347
2346
2348
2347
2349
2348
2350
2349
2351
2350
2352
2351
2353
2352
2354
2353
2355
2354
2356
2355
2357
2356
2358
2357
2359
2358
2360
2359
2361
2360
2362
2361
2363
2362
2364
2363
2365
2364
2366
2365
2367
2366
2368
2367
2369
2368
2370
2369
2371
2370
2372
2371
2373
2372
2374
2373
2375
2374
2376
2375
2377
2376
2378
2377
2379
2378
2380
2379
2381
2380
2382
2381
2383
2382
2384
2385
2385
2386
2386
2387
2387
2388
2388
2389
2389
2383
2390
2390
2391
2391
2392
2392
2393
2394
2394
2395
2395
2396
2393
2396
2397
2398
2399
2398
2400
2399
2401
2400
2402
2401
2403
2402
2404
2403
2405
2404
2406
2405
2407
2406
2408
2407
2409
2408
2410
2409
2411
2410
2412
2411
2413
2412
2414
2413
2415
2414
2416
2415
2417
2416
2418
2417
2419
2418
2420
2419
2421
2420
2422
2421
2423
2422
2424
2423
2425
2424
2426
2425
2427
2426
2428
2427
2429
2428
2430
2429
2431
2430
2432
2431
2433
2432
2434
2433
2435
2434
2436
2435
2437
2436
2438
2437
2439
2438
2440
2439
2441
2440
2442
2441
2443
2442
2444
2443
2445
2444
2446
2445
2447
2446
2448
2447
2449
2448
2450
2449
2451
2450
2452
2451
2453
2452
2454
2453
2455
2454
2456
2457
2457
2458
2458
2459
2459
2460
2460
2461
2461
2455
2462
2462
2463
2463
2464
2464
2465
2466
2466
2467
2467
2468
2465
2468
2469
2470
2471
2470
2472
2471
2473
2472
2474
2473
2475
2474
2476
2475
2477
2476
2478
2477
2479
2478
2480
2479
2481
2480
2482
2481
2483
2482
2484
2483
2485
2484
2486
2485
2487
2486
2488
2487
2489
2488
2490
2489
2491
2490
2492
2491
2493
2492
2494
2493
2495
2494
2496
2495
2497
2496
2498
2497
2499
2498
2500
2499
2501
2500
2502
2501
2503
2502
2504
2503
2505
2504
2506
2505
2507
2506
2508
2507
2509
2508
2510
2509
2511
2510
2512
2511
2513
2512
2514
2513
2515
2514
2516
2515
2517
2516
2518
2517
2519
2518
2520
2519
2521
2520
2522
2521
2523
2522
2524
2523
2525
2524
2526
2525
2527
2526
2528
2529
2529
2530
2530
2531
2531
2532
2532
2533
2533
2527
2534
2534
2535
2535
2536
2536
2537
2538
2538
2539
2539
2540
2537
2540
2541
2542
2543
2542
2544
2543
2545
2544
2546
2545
2547
2546
2548
2547
2549
2548
2550
2549
2551
2550
2552
2551
2553
2552
2554
2553
2555
2554
2556
2555
2557
2556
2558
2557
2559
2558
2560
2559
2561
2560
2562
2561
2563
2562
2564
2563
2565
2564
2566
2565
2567
2566
2568
2567
2569
2568
2570
2569
2571
2570
2572
2571
2573
2572
2574
2573
2575
2574
2576
2575
2577
2576
2578
2577
2579
2578
2580
2579
2581
2580
2582
2581
2583
2582
2584
2583
2585
2584
2586
2585
2587
2586
2588
2587
2589
2588
2590
2589
2591
2590
2592
2591
2593
2592
2594
2593
2595
2594
2596
2595
2597
2596
2598
2597
2599
2598
2600
2601
2601
2602
2602
2603
2603
2604
2604
2605
2605
2599
2606
2606
2607
2607
2608
2608
2609
2610
2610
2611
2611
2612
2609
2612
2613
2614
2615
2614
2616
2615
2617
2616
2618
2617
2619
2618
2620
2619
2621
2620
2622
2621
2623
2622
2624
2623
2625
2624
2626
2625
2627
2626
2628
2627
2629
2628
2630
2629
2631
2630
2632
2631
2633
2632
2634
2633
2635
2634
2636
2635
2637
2636
2638
2637
2639
2638
2640
2639
2641
2640
2642
2641
2643
2642
2644
2643
2645
2644
2646
2645
2647
2646
2648
2647
2649
2648
2650
2649
2651
2650
2652
2651
2653
2652
2654
2653
2655
2654
2656
2655
2657
2656
2658
2657
2659
2658
2660
2659
2661
2660
2662
2661
2663
2662
2664
2663
2665
2664
2666
2665
2667
2666
2668
2667
2669
2668
2670
2669
2671
2670
2672
2673
2673
2674
2674
2675
2675
2676
2676
2677
2677
2671
2678
2678
2679
2679
2680
2680
2681
2682
2682
2683
2683
2684
2681
2684
2685
2686
2687
2686
2688
2687
2689
2688
2690
2689
2691
2690
2692
2691
2693
2692
2694
2693
2695
2694
2696
2695
2697
2696
2698
2697
2699
2698
2700
2699
2701
2700
2702
2701
2703
2702
2704
2703
2705
2704
2706
2705
2707
2706
2708
2707
2709
2708
2710
2709
2711
2710
2712
2711
2713
2712
2714
2713
2715
2714
2716
2715
2717
2716
2718
2717
2719
2718
2720
2719
2721
2720
2722
2721
2723
2722
2724
2723
2725
2724
2726
2725
2727
2726
2728
2727
2729
2728
2730
2729
2731
2730
2732
2731
2733
2732
2734
2733
2735
2734
2736
2735
2737
2736
2738
2737
2739
2738
2740
2739
2741
2740
2742
2741
2743
2742
2744
2745
2745
2746
2746
2747
2747
2748
2748
2749
2749
2743
2750
2750
2751
2751
2752
2752
2753
2754
2754
2755
2755
2756
2753
2756
2757
2758
2757
2759
2758
2760
2759
2761
2760
2762
2761
2763
2762
2764
2763
2765
2764
2766
2765
2767
2766
2768
2767
2769
2768
2770
2769
2771
2770
2772
2771
2773
2772
2774
2773
2775
2774
2776
2775
2777
2776
2778
2777
2779
2778
2780
2779
2781
2780
2782
2781
2783
2782
2784
2783
2785
2784
2786
2785
2787
2786
2788
2787
2789
2788
2790
2789
2791
2790
2792
2791
2793
2792
2794
2793
2795
2794
2796
2795
2797
2796
2798
2797
2799
2798
2800
2799
2801
2800
2802
2801
2803
2802
2804
2803
2805
2804
2806
2805
2807
2806
2808
2807
2809
2808
2810
2809
2811
2810
2812
2811
2813
2812
2814
2813
2815
2816
2816
2817
2817
2818
2818
2819
2819
2820
2820
2814
2821
2821
2822
2822
2823
2823
2824
2824
2825
2825
2826
2827
2826
2828
2827
2829
2828
2830
2829
2831
2830
2832
2831
2833
2832
2834
2833
2835
2834
2836
2835
2837
2836
2838
2837
2839
2838
2840
2839
2841
2840
2842
2841
2843
2842
2844
2843
2845
2844
2846
2845
2847
2846
2848
2847
2849
2848
2850
2849
2851
2850
2852
2851
2853
2852
2854
2853
2855
2854
2856
2855
2857
2856
2858
2857
2859
2858
2860
2859
2861
2860
2862
2861
2863
2862
2864
2863
2865
2864
2866
2865
2867
2866
2868
2867
2869
2868
2870
2869
2871
2870
2872
2871
2873
2872
2874
2873
2875
2874
2876
2875
2877
2876
2878
2877
2879
2878
2880
2879
2881
2880
2882
2881
2883
2882
2884
2885
2884
2886
2886
2887
2887
2888
2888
2889
2889
2883
2890
2890
2891
2891
2892
2892
2893
2894
2893
2895
2894
2896
2895
2897
2896
2898
2897
2899
2898
2900
2899
2901
2900
2902
2901
2903
2902
2904
2903
2905
2904
2906
2905
2907
2906
2908
2907
2909
2908
2910
2909
2911
2910
2912
2911
2913
2912
2914
2913
2915
2914
2916
2915
2917
2916
2918
2917
2919
2918
2920
2919
2921
2920
2922
2921
2923
2922
2924
2923
2925
2924
2926
2925
2927
2926
2928
2927
2929
2928
2930
2929
2931
2930
2932
2931
2933
2932
2934
2933
2935
2934
2936
2935
2937
2936
2938
2937
2939
2938
2940
2939
2941
2940
2942
2941
2943
2942
2944
2943
2945
2944
2946
2945
2947
2946
2948
2947
2949
2948
2950
2951
2952
2949
2952
2953
2951
2954
2954
2955
2955
2956
2956
2957
2950
2958
2958
2959
2960
2959
2961
2960
2962
2961
2963
2962
2964
2963
2965
2964
2966
2965
2967
2966
2968
2967
2969
2968
2970
2969
2971
2970
2972
2971
2973
2972
2974
2973
2975
2974
2976
2975
2977
2976
2978
2977
2979
2978
2980
2979
2981
2980
2982
2981
2983
2982
2984
2983
2985
2984
2986
2985
2987
2986
2988
2987
2989
2988
2990
2989
2991
2990
2992
2991
2993
2992
2994
2993
2995
2994
2996
2995
2997
2996
2998
2997
2999
2998
3000
2999
3001
3000
3002
3001
3003
3002
3004
3003
3005
3004
3006
3005
3007
3006
3008
3007
3009
3008
3010
3009
3011
3010
3012
3011
3013
3012
3014
3013
3015
3014
3016
3017
3018
3018
3019
3015
3019
3020
3017
3021
3021
3022
3022
3023
3023
3016
3024
3025
3024
3026
3025
3027
3026
3028
3027
3029
3028
3030
3029
3031
3030
3032
3031
3033
3032
3034
3033
3035
3034
3036
3035
3037
3036
3038
3037
3039
3038
3040
3039
3041
3040
3042
3041
3043
3042
3044
3043
3045
3044
3046
3045
3047
3046
3048
3047
3049
3048
3050
3049
3051
3050
3052
3051
3053
3052
3054
3053
3055
3054
3056
3055
3057
3056
3058
3057
3059
3058
3060
3059
3061
3060
3062
3061
3063
3062
3064
3063
3065
3064
3066
3065
3067
3066
3068
3067
3069
3068
3070
3069
3071
3070
3072
3071
3073
3072
3074
3073
3075
3074
3076
3075
3077
3076
3078
3077
3079
3078
3080
3079
3081
3082
3082
3083
3083
3084
3080
3084
3085
3081
3086
3086
3087
3087
3088
3089
3090
3088
3091
3090
3092
3091
3093
3092
3094
3093
3095
3094
3096
3095
3097
3096
3098
3097
3099
3098
3100
3099
3101
3100
3102
3101
3103
3102
3104
3103
3105
3104
3106
3105
3107
3106
3108
3107
3109
3108
3110
3109
3111
3110
3112
3111
3113
3112
3114
3113
3115
3114
3116
3115
3117
3116
3118
3117
3119
3118
3120
3119
3121
3120
3122
3121
3123
3122
3124
3123
3125
3124
3126
3125
3127
3126
3128
3127
3129
3128
3130
3129
3131
3130
3132
3131
3133
3132
3134
3133
3135
3134
3136
3135
3137
3136
3138
3137
3139
3138
3140
3139
3141
3140
3142
3141
3143
3142
3143
3144
3145
3146
3146
3147
3147
3148
3148
3149
3144
3149
3150
3145
3151
3151
3152
3153
3154
3155
3155
3156
3152
3157
3156
3158
3157
3159
3158
3160
3159
3161
3160
3162
3161
3163
3162
3164
3163
3165
3164
3166
3165
3167
3166
3168
3167
3169
3168
3170
3169
3171
3170
3172
3171
3173
3172
3174
3173
3175
3174
3176
3175
3177
3176
3178
3177
3179
3178
3180
3179
3181
3180
3182
3181
3183
3182
3184
3183
3185
3184
3186
3185
3187
3186
3188
3187
3189
3188
3190
3189
3191
3190
3192
3191
3193
3192
3194
3193
3195
3194
3196
3195
3197
3196
3198
3197
3199
3198
3200
3199
3201
3200
3202
3201
3203
3202
3204
3203
3205
3204
3206
3205
3207
3206
3207
3208
3208
3209
3210
3211
3211
3212
3212
3213
3213
3214
3214
3215
3209
3215
3216
3210
3217
3218
3219
3220
3220
3221
3222
3222
3223
3223
3224
3218
3225
3224
3226
3225
3227
3226
3228
3227
3229
3228
3230
3229
3231
3230
3232
3231
3233
3232
3234
3233
3235
3234
3236
3235
3237
3236
3238
3237
3239
3238
3240
3239
3241
3240
3242
3241
3243
3242
3244
3243
3245
3244
3246
3245
3247
3246
3248
3247
3249
3248
3250
3249
3251
3250
3252
3251
3253
3252
3254
3253
3255
3254
3256
3255
3257
3256
3258
3257
3259
3258
3260
3259
3261
3260
3262
3261
3263
3262
3264
3263
3265
3264
3266
3265
3267
3266
3268
3267
3269
3268
3270
3269
3271
3270
3272
3271
3273
3272
3273
3274
3274
3275
3275
3276
3277
3278
3278
3279
3279
3280
3280
3281
3281
3282
3282
3283
3276
3283
3284
3277
3285
3286
3287
3287
3288
3288
3289
3290
3290
3291
3291
3292
3292
3293
3285
3294
3293
3295
3294
3296
3295
3297
3296
3298
3297
3299
3298
3300
3299
3301
3300
3302
3301
3303
3302
3304
3303
3305
3304
3306
3305
3307
3306
3308
3307
3309
3308
3310
3309
3311
3310
3312
3311
3313
3312
3314
3313
3315
3314
3316
3315
3317
3316
3318
3317
3319
3318
3320
3319
3321
3320
3322
3321
3323
3322
3324
3323
3325
3324
3326
3325
3327
3326
3328
3327
3329
3328
3330
3329
3331
3330
3332
3331
3333
3332
3334
3333
3335
3334
3336
3335
3337
3336
3338
3337
3339
3338
3340
3339
3340
3341
3341
3342
3342
3343
3343
3344
3345
3345
3346
3346
3347
3347
3348
3348
3349
3349
3350
3350
3351
3344
3351
3352
3353
3354
3355
3355
3356
3356
3357
3357
3358
3359
3359
3360
3360
3361
3361
3362
3362
3363
3353
3364
3363
3365
3364
3366
3365
3367
3366
3368
3367
3369
3368
3370
3369
3371
3370
3372
3371
3373
3372
3374
3373
3375
3374
3376
3375
3377
3376
3378
3377
3379
3378
3380
3379
3381
3380
3382
3381
3383
3382
3384
3383
3385
3384
3386
3385
3387
3386
3388
3387
3389
3388
3390
3389
3391
3390
3392
3391
3393
3392
3394
3393
3395
3394
3396
3395
3397
3396
3398
3397
3399
3398
3400
3399
3401
3400
3402
3401
3403
3402
3404
3403
3405
3404
3406
3405
3407
3406
3408
3407
3408
3409
3409
3410
3410
3411
3411
3412
3412
3413
3414
3414
3415
3415
3416
3416
3417
3417
3418
3418
3419
3419
3420
3413
3420
3421
3422
3423
3424
3424
3425
3425
3426
3426
3427
3427
3428
3429
3429
3430
3430
3431
3431
3432
3432
3433
3433
3434
3422
3435
3434
3436
3435
3437
3436
3438
3437
3439
3438
3440
3439
3441
3440
3442
3441
3443
3442
3444
3443
3445
3444
3446
3445
3447
3446
3448
3447
3449
3448
3450
3449
3451
3450
3452
3451
3453
3452
3454
3453
3455
3454
3456
3455
3457
3456
3458
3457
3459
3458
3460
3459
3461
3460
3462
3461
3463
3462
3464
3463
3465
3464
3466
3465
3467
3466
3468
3467
3469
3468
3470
3469
3471
3470
3472
3471
3473
3472
3474
3473
3475
3474
3476
3475
3477
3476
3477
3478
3478
3479
3479
3480
3480
3481
3481
3482
3482
3483
3484
3484
3485
3485
3486
3486
3487
3487
3488
3488
3489
3489
3490
3483
3490
3491
3492
3493
3494
3494
3495
3495
3496
3496
3497
3497
3498
3498
3499
3500
3500
3501
3501
3502
3502
3503
3503
3504
3504
3505
3505
3506
3492
3507
3506
3508
3507
3509
3508
3510
3509
3511
3510
3512
3511
3513
3512
3514
3513
3515
3514
3516
3515
3517
3516
3518
3517
3519
3518
3520
3519
3521
3520
3522
3521
3523
3522
3524
3523
3525
3524
3526
3525
3527
3526
3528
3527
3529
3528
3530
3529
3531
3530
3532
3531
3533
3532
3534
3533
3535
3534
3536
3535
3537
3536
3538
3537
3539
3538
3540
3539
3541
3540
3542
3541
3543
3542
3544
3543
3545
3544
3546
3545
3547
3546
3547
3548
3548
3549
3549
3550
3550
3551
3551
3552
3552
3553
3553
3554
3555
3555
3556
3556
3557
3557
3558
3558
3559
3559
3560
3560
3561
3554
3561
3562
3563
3564
3565
3565
3566
3566
3567
3567
3568
3568
3569
3569
3570
3570
3571
3572
3572
3573
3573
3574
3574
3575
3575
3576
3576
3577
3577
3578
3578
3579
3563
3580
3579
3581
3580
3582
3581
3583
3582
3584
3583
3585
3584
3586
3585
3587
3586
3588
3587
3589
3588
3590
3589
3591
3590
3592
3591
3593
3592
3594
3593
3595
3594
3596
3595
3597
3596
3598
3597
3599
3598
3600
3599
3601
3600
3602
3601
3603
3602
3604
3603
3605
3604
3606
3605
3607
3606
3608
3607
3609
3608
3610
3609
3611
3610
3612
3611
3613
3612
3614
3613
3615
3614
3616
3615
3617
3616
3618
3617
3618
3619
3619
3620
3620
3621
3621
3622
3622
3623
3623
3624
3624
3625
3625
3626
3627
3627
3628
3628
3629
3629
3630
3630
3631
3631
3632
3632
3633
3626
3633
3634
3635
3636
3637
3637
3638
3638
3639
3639
3640
3640
3641
3641
3642
3642
3643
3643
3644
3645
3645
3646
3646
3647
3647
3648
3648
3649
3649
3650
3650
3651
3651
3652
3652
3653
3635
3654
3653
3655
3654
3656
3655
3657
3656
3658
3657
3659
3658
3660
3659
3661
3660
3662
3661
3663
3662
3664
3663
3665
3664
3666
3665
3667
3666
3668
3667
3669
3668
3670
3669
3671
3670
3672
3671
3673
3672
3674
3673
3675
3674
3676
3675
3677
3676
3678
3677
3679
3678
3680
3679
3681
3680
3682
3681
3683
3682
3684
3683
3685
3684
3686
3685
3687
3686
3688
3687
3689
3688
3690
3689
3690
3691
3691
3692
3692
3693
3693
3694
3694
3695
3695
3696
3696
3697
3697
3698
3698
3699
3700
3700
3701
3701
3702
3702
3703
3703
3704
3704
3705
3705
3706
3699
3706
3707
3708
3709
3710
3710
3711
3711
3712
3712
3713
3713
3714
3714
3715
3715
3716
3716
3717
3717
3718
3719
3719
3720
3720
3721
3721
3722
3722
3723
3723
3724
3724
3725
3725
3726
3726
3727
3727
3728
3708
3729
3728
3730
3729
3731
3730
3732
3731
3733
3732
3734
3733
3735
3734
3736
3735
3737
3736
3738
3737
3739
3738
3740
3739
3741
3740
3742
3741
3743
3742
3744
3743
3745
3744
3746
3745
3747
3746
3748
3747
3749
3748
3750
3749
3751
3750
3752
3751
3753
3752
3754
3753
3755
3754
3756
3755
3757
3756
3758
3757
3759
3758
3760
3759
3761
3760
3762
3761
3763
3762
3763
3764
3764
3765
3765
3766
3766
3767
3767
3768
3768
3769
3769
3770
3770
3771
3771
3772
3772
3773
3774
3774
3775
3775
3776
3776
3777
3777
3778
3778
3779
3779
3780
3773
3780
3781
3782
3783
3784
3784
3785
3785
3786
3786
3787
3787
3788
3788
3789
3789
3790
3790
3791
3791
3792
3792
3793
3794
3794
3795
3795
3796
3796
3797
3797
3798
3798
3799
3799
3800
3800
3801
3801
3802
3802
3803
3803
3804
3782
3805
3804
3806
3805
3807
3806
3808
3807
3809
3808
3810
3809
3811
3810
3812
3811
3813
3812
3814
3813
3815
3814
3816
3815
3817
3816
3818
3817
3819
3818
3820
3819
3821
3820
3822
3821
3823
3822
3824
3823
3825
3824
3826
3825
3827
3826
3828
3827
3829
3828
3830
3829
3831
3830
3832
3831
3833
3832
3834
3833
3835
3834
3836
3835
3837
3836
3837
3838
3838
3839
3839
3840
3840
3841
3841
3842
3842
3843
3843
3844
3844
3845
3845
3846
3846
3847
3847
3848
3849
3849
3850
3850
3851
3851
3852
3852
3853
3853
3854
3854
3855
3848
3855
3856
3857
3858
3859
3859
3860
3860
3861
3861
3862
3862
3863
3863
3864
3864
3865
3865
3866
3866
3867
3867
3868
3868
3869
3870
3870
3871
3871
3872
3872
3873
3873
3874
3874
3875
3875
3876
3876
3877
3877
3878
3878
3879
3879
3880
3880
3881
3857
3882
3881
3883
3882
3884
3883
3885
3884
3886
3885
3887
3886
3888
3887
3889
3888
3890
3889
3891
3890
3892
3891
3893
3892
3894
3893
3895
3894
3896
3895
3897
3896
3898
3897
3899
3898
3900
3899
3901
3900
3902
3901
3903
3902
3904
3903
3905
3904
3906
3905
3907
3906
3908
3907
3909
3908
3910
3909
3911
3910
3912
3911
3912
3913
3913
3914
3914
3915
3915
3916
3916
3917
3917
3918
3918
3919
3919
3920
3920
3921
3921
3922
3922
3923
3923
3924
3925
3925
3926
3926
3927
3927
3928
3928
3929
3929
3930
3930
3931
3924
3931
3932
3933
3933
3934
3934
3935
3935
3936
3936
3937
3937
3938
3938
3939
3939
3940
3940
3941
3941
3942
3942
3943
3943
3944
3944
3945
3946
3946
3947
3947
3948
3948
3949
3949
3950
3950
3951
3951
3952
3952
3953
3953
3954
3954
3955
3955
3956
3956
3957
3957
3958
3933
3934
3958
3959
3934
3935
3959
3960
3935
3936
3960
3961
3936
3937
3961
3962
3937
3938
3962
3963
3938
3939
3963
3964
3939
3940
3964
3965
3940
3941
3965
3966
3941
3942
3966
3967
3942
3943
3967
3968
3943
3944
3968
3969
3944
3945
3969
3970
3945
3971
3970
3972
3971
3973
3972
3974
3973
3975
3974
3975
3976
3976
3977
3977
3978
3978
3979
3979
3980
3980
3981
3981
3982
3982
3983
3983
3984
3984
3985
3985
3986
3986
3987
3987
3988
3989
3989
3990
3990
3991
3991
3992
3992
3993
3993
3994
3994
3995
3988
3995
3996
3997
3997
3998
3998
3999
3999
4000
4000
4001
4001
4002
4002
4003
4003
4004
4004
4005
4005
4006
4006
4007
4007
4008
4008
4009
4009
4010
4010
4011
4011
4012
4012
4013
4013
4014
4014
4015
4015
4016
4016
4017
4017
4018
4018
4019
4019
4020
4020
4021
4021
4022
3997
4023
4022
4024
4023
4025
4024
4025
4026
4026
4027
4027
4028
4028
4029
4029
4030
4030
4031
4031
4032
4032
4033
4033
4034
4034
4035
4035
4036
4036
4037
4037
4038
4038
4039
4040
4040
4041
4041
4042
4042
4043
4043
4044
4044
4045
4045
4046
4039
4046
4047
4048
4048
4049
4049
4050
4050
4051
4051
4052
4052
4053
4053
4054
4054
4055
4055
4056
4056
4057
4057
4058
4058
4059
4059
4060
4060
4061
4061
4062
4062
4063
4063
4064
4064
4065
4065
4066
4066
4067
4067
4068
4068
4069
4069
4070
4070
4071
4071
4072
4072
4073
4048
4074
4073
4074
4075
4075
4076
4076
4077
4077
4078
4078
4079
4079
4080
4080
4081
4081
4082
4082
4083
4083
4084
4084
4085
4085
4086
4086
4087
4087
4088
4088
4089
4090
4090
4091
4091
4092
4092
4093
4093
4094
4094
4095
4095
4096
4089
4096
4097
4098
4098
4099
4099
4100
4100
4101
4101
4102
4102
4103
4103
4104
4104
4105
4105
4106
4106
4107
4107
4108
4108
4109
4109
4110
4110
4111
4111
4112
4112
4113
4113
4114
4114
4115
4115
4116
4116
4117
4117
4118
4118
4119
4119
4120
4120
4121
4121
4122
4122
4098
4123
4123
4124
4124
4125
4125
4126
4126
4127
4127
4128
4128
4129
4129
4130
4130
4131
4131
4132
4132
4133
4133
4134
4134
4135
4135
4136
4136
4137
4137
4138
4139
4139
4140
4140
4141
4141
4142
4142
4143
4143
4144
4144
4145
4138
4145
4146
4147
4147
4148
4148
4149
4149
4150
4150
4151
4151
4152
4152
4153
4153
4154
4154
4155
4155
4156
4156
4157
4157
4158
4158
4159
4159
4160
4160
4161
4161
4162
4162
4163
4163
4164
4164
4165
4165
4166
4166
4167
4167
4168
4168
4169
4169
4170
4170
4147
4171
4171
4172
4172
4173
4173
4174
4174
4175
4175
4176
4176
4177
4177
4178
4178
4179
4179
4180
4180
4181
4181
4182
4182
4183
4183
4184
4184
4185
4185
4186
4187
4187
4188
4188
4189
4189
4190
4190
4191
4191
4192
4192
4193
4186
4193
4194
4195
4195
4196
4196
4197
4197
4198
4198
4199
4199
4200
4200
4201
4201
4202
4202
4203
4203
4204
4204
4205
4205
4206
4206
4207
4207
4208
4208
4209
4209
4210
4210
4211
4211
4212
4212
4213
4213
4214
4214
4215
4215
4216
4216
4217
4217
4195
4218
4218
4219
4219
4220
4220
4221
4221
4222
4222
4223
4223
4224
4224
4225
4225
4226
4226
4227
4227
4228
4228
4229
4229
4230
4230
4231
4231
4232
4232
4233
4234
4234
4235
4235
4236
4236
4237
4237
4238
4238
4239
4239
4240
4233
4240
4241
4242
4242
4243
4243
4244
4244
4245
4245
4246
4246
4247
4247
4248
4248
4249
4249
4250
4250
4251
4251
4252
4252
4253
4253
4254
4254
4255
4255
4256
4256
4257
4257
4258
4258
4259
4259
4260
4260
4261
4261
4262
4262
4263
4263
4242
4264
4264
4265
4265
4266
4266
4267
4267
4268
4268
4269
4269
4270
4270
4271
4271
4272
4272
4273
4273
4274
4274
4275
4275
4276
4276
4277
4277
4278
4278
4279
4280
4280
4281
4281
4282
4282
4283
4283
4284
4284
4285
4285
4286
4279
4286
4287
4288
4288
4289
4289
4290
4290
4291
4291
4292
4292
4293
4293
4294
4294
4295
4295
4296
4296
4297
4297
4298
4298
4299
4299
4300
4300
4301
4301
4302
4302
4303
4303
4304
4304
4305
4305
4306
4306
4307
4307
4308
4308
4288
4309
4309
4310
4310
4311
4311
4312
4312
4313
4313
4314
4314
4315
4315
4316
4316
4317
4317
4318
4318
4319
4319
4320
4320
4321
4321
4322
4322
4323
4323
4324
4325
4325
4326
4326
4327
4327
4328
4328
4329
4329
4330
4330
4331
4324
4331
4332
4333
4333
4334
4334
4335
4335
4336
4336
4337
4337
4338
4338
4339
4339
4340
4340
4341
4341
4342
4342
4343
4343
4344
4344
4345
4345
4346
4346
4347
4347
4348
4348
4349
4349
4350
4350
4351
4351
4352
4352
4333
4353
4353
4354
4354
4355
4355
4356
4356
4357
4357
4358
4358
4359
4359
4360
4360
4361
4361
4362
4362
4363
4363
4364
4364
4365
4365
4366
4366
4367
4367
4368
4369
4369
4370
4370
4371
4371
4372
4372
4373
4373
4374
4374
4375
4368
4375
4376
4377
4377
4378
4378
4379
4379
4380
4380
4381
4381
4382
4382
4383
4383
4384
4384
4385
4385
4386
4386
4387
4387
4388
4388
4389
4389
4390
4390
4391
4391
4392
4392
4393
4393
4394
4394
4395
4395
4377
4396
4396
4397
4397
4398
4398
4399
4399
4400
4400
4401
4401
4402
4402
4403
4403
4404
4404
4405
4405
4406
4406
4407
4407
4408
4408
4409
4409
4410
4410
4411
4412
4412
4413
4413
4414
4414
4415
4415
4416
4416
4417
4417
4418
4411
4418
4419
4420
4420
4421
4421
4422
4422
4423
4423
4424
4424
4425
4425
4426
4426
4427
4427
4428
4428
4429
4429
4430
4430
4431
4431
4432
4432
4433
4433
4434
4434
4435
4435
4436
4436
4437
4437
4420
4438
4438
4439
4439
4440
4440
4441
4441
4442
4442
4443
4443
4444
4444
4445
4445
4446
4446
4447
4447
4448
4448
4449
4449
4450
4450
4451
4451
4452
4452
4453
4454
4454
4455
4455
4456
4456
4457
4457
4458
4458
4459
4459
4460
4453
4460
4461
4462
4462
4463
4463
4464
4464
4465
4465
4466
4466
4467
4467
4468
4468
4469
4469
4470
4470
4471
4471
4472
4472
4473
4473
4474
4474
4475
4475
4476
4476
4477
4477
4478
4478
4462
4479
4479
4480
4480
4481
4481
4482
4482
4483
4483
4484
4484
4485
4485
4486
4486
4487
4487
4488
4488
4489
4489
4490
4490
4491
4491
4492
4492
4493
4493
4494
4495
4495
4496
4496
4497
4497
4498
4498
4499
4499
4500
4500
4501
4494
4501
4502
4502
4503
4503
4504
4504
4505
4505
4506
4506
4507
4507
4508
4508
4509
4509
4510
4510
4511
4511
4512
4512
4513
4513
4514
4514
4515
4515
4516
4516
4517
4517
4502
4518
4518
4519
4519
4520
4520
4521
4521
4522
4522
4523
4523
4524
4524
4525
4525
4526
4526
4527
4527
4528
4528
4529
4529
4530
4530
4531
4531
4532
4532
4533
4533
4534
4534
4535
4535
4536
4536
4537
4537
4538
4538
4539
4539
4540
4540
4541
4541
4542
4542
4543
4543
4544
4544
4545
4545
4546
4546
4547
4547
4548
4548
4549
4549
4550
4550
4551
4551
4552
4552
4553
4553
4539
4554
4554
4555
4555
4556
4556
4557
4557
4558
4558
4559
4559
4560
4560
4561
4561
4562
4562
4563
4563
4564
4564
4565
4565
4566
4566
4567
4567
4568
4568
4569
4569
4570
4570
4571
4571
4572
4572
4573
4573
4574
4574
4575
4575
4576
4576
4577
4577
4578
4578
4579
4579
4580
4580
4581
4581
4582
4582
4583
4583
4584
4584
4585
4585
4586
4586
4573
4587
4587
4588
4588
4589
4589
4590
4590
4591
4591
4592
4592
4593
4593
4594
4594
4595
4595
4596
4596
4597
4597
4598
4598
4599
4599
4600
4600
4601
4601
4602
4602
4603
4603
4604
4604
4605
4605
4606
4606
4607
4607
4608
4608
4609
4609
4610
4610
4611
4611
4612
4612
4613
4613
4614
4614
4615
4615
4616
4616
4604
4617
4617
4618
4618
4619
4619
4620
4620
4621
4621
4622
4622
4623
4623
4624
4624
4625
4625
4626
4626
4627
4627
4628
4628
4629
4629
4630
4630
4631
4631
4632
4632
4633
4633
4634
4634
4635
4635
4636
4636
4637
4637
4638
4638
4639
4639
4640
4640
4641
4641
4642
4642
4643
4643
4632
4644
4644
4645
4645
4646
4646
4647
4647
4648
4648
4649
4649
4650
4650
4651
4651
4652
4652
4653
4653
4654
4654
4655
4655
4656
4656
4657
4657
4658
4658
4659
4659
4660
4660
4661
4661
4662
4662
4663
4663
4664
4664
4665
4665
4666
4666
4667
4667
4657
4668
4668
4669
4669
4670
4670
4671
4671
4672
4672
4673
4673
4674
4674
4675
4675
4676
4676
4677
4677
4678
4678
4679
4679
4680
4680
4681
4681
4682
4682
4683
4683
4684
4684
4685
4685
4686
4686
4687
4687
4688
4688
4679
4689
4689
4690
4690
4691
4691
4692
4692
4693
4693
4694
4694
4695
4695
4696
4696
4697
4697
4698
4698
4699
4699
4700
4700
4701
4701
4702
4702
4703
4703
4704
4704
4705
4705
4706
4706
4698
4707
4707
4708
4708
4709
4709
4710
4710
4711
4711
4712
4712
4713
4713
4714
4714
4715
4715
4716
4716
4717
4717
4718
4718
4719
4719
4720
4720
4721
4721
4722
4722
4715
4723
4723
4724
4724
4725
4725
4726
4726
4727
4727
4728
4728
4729
4729
4730
4730
4731
4731
4732
4732
4733
4733
4734
4734
4735
4735
4736
4736
4730
4737
4737
4738
4738
4739
4739
4740
4740
4741
4741
4742
4742
4743
4743
4744
4744
4745
4745
4746
4746
4747
4747
4748
4748
4743
4749
4749
4750
4750
4751
4751
4752
4752
4753
4753
4754
4754
4755
4755
4756
4756
4757
4757
4758
4758
4754
4759
4759
4760
4760
4761
4761
4762
4762
4763
4763
4764
4764
4765
4765
4766
4766
4763
4767
4767
4768
4768
4769
4769
4770
4770
4771
4771
4772
4772
4770
4773
4773
4774
4774
4775
4775
4776
4776
4775
4777
4777
4778
4778
4778
)


// ************************************************************************* //
